After sorting
A D X Y 
0 0 0 0
36 18 8 6
75 8 14 55
86 17 1 16
93 66 -3 52
94 4 -4 50
97 12 -2 16
105 21 -18 67
111 19 -25 63
115 26 -29 60
123 26 -23 35
125 16 -46 64
129 19 -44 54
130 2 -61 72
137 12 -67 61
140 20 -45 37
141 5 -19 15
144 9 -85 60
149 8 -20 12
152 14 -32 17
153 19 -65 32
155 19 -35 16
156 10 -40 17
157 3 -85 35
157 21 -39 16
161 19 -67 23
161 23 -82 28
168 8 -70 14
169 13 -11 2
185 1 -57 -5
187 5 -39 -5
188 23 -61 -9
191 7 -73 -15
196 18 -24 -7
200 20 -52 -19
264 21 -2 -20
303 18 10 -15


CLUSTER 1
A D X Y 
0 0 0 0
137 12 -67 61
140 20 -45 37
141 5 -19 15
144 9 -85 60
149 8 -20 12
152 14 -32 17
153 19 -65 32


CLUSTER 2
A D X Y 
0 0 0 0
155 19 -35 16
156 10 -40 17
157 3 -85 35
157 21 -39 16
161 19 -67 23
161 23 -82 28


CLUSTER 3
A D X Y 
0 0 0 0
168 8 -70 14
169 13 -11 2
185 1 -57 -5
187 5 -39 -5
188 23 -61 -9
191 7 -73 -15
196 18 -24 -7
200 20 -52 -19


CLUSTER 4
A D X Y 
0 0 0 0
264 21 -2 -20
303 18 10 -15
36 18 8 6
75 8 14 55
86 17 1 16


CLUSTER 5
A D X Y 
0 0 0 0
93 66 -3 52
94 4 -4 50
97 12 -2 16


CLUSTER 6
A D X Y 
0 0 0 0
105 21 -18 67
111 19 -25 63
115 26 -29 60
123 26 -23 35


CLUSTER 7
A D X Y 
0 0 0 0
125 16 -46 64
129 19 -44 54
130 2 -61 72


Distance for  Cluster 1

8
0 90.609 58.258 24.2074 104.043 23.3238 36.2353 72.45 
90.609 0 32.5576 66.4831 18.0278 67.897 56.2228 29.0689 
58.258 32.5576 0 34.0588 46.1411 35.3553 23.8537 20.6155 
24.2074 66.4831 34.0588 0 79.8812 3.16228 13.1529 49.0408 
104.043 18.0278 46.1411 79.8812 0 80.8022 68.2495 34.4093 
23.3238 67.897 35.3553 3.16228 80.8022 0 13 49.2443 
36.2353 56.2228 23.8537 13.1529 68.2495 13 0 36.2491 
72.45 29.0689 20.6155 49.0408 34.4093 49.2443 36.2491 0 


Distance for  Cluster 2

7
0 38.4838 43.4626 91.9239 42.1545 70.8378 86.6487 
38.4838 0 5.09902 53.4883 4 32.7567 48.5077 
43.4626 5.09902 0 48.4665 1.41421 27.6586 43.4166 
91.9239 53.4883 48.4665 0 49.7695 21.6333 7.61577 
42.1545 4 1.41421 49.7695 0 28.8617 44.643 
70.8378 32.7567 27.6586 21.6333 28.8617 0 15.8114 
86.6487 48.5077 43.4166 7.61577 44.643 15.8114 0 


Distance for  Cluster 3

9
0 71.3863 11.1803 57.2189 39.3192 61.6604 74.5252 25 55.3624 
71.3863 0 60.208 23.0217 36.3593 24.6982 29.1548 50.5668 37.5899 
11.1803 60.208 0 46.5296 28.8617 51.1957 64.2884 15.8114 46.0652 
57.2189 23.0217 46.5296 0 18 5.65685 18.868 33.0606 14.8661 
39.3192 36.3593 28.8617 18 0 22.3607 35.4401 15.1327 19.105 
61.6604 24.6982 51.1957 5.65685 22.3607 0 13.4164 37.054 13.4536 
74.5252 29.1548 64.2884 18.868 35.4401 13.4164 0 49.6488 21.3776 
25 50.5668 15.8114 33.0606 15.1327 37.054 49.6488 0 30.4631 
55.3624 37.5899 46.0652 14.8661 19.105 13.4536 21.3776 30.4631 0 


Distance for  Cluster 4

6
0 20.0998 18.0278 10 56.7539 16.0312 
20.0998 0 13 27.8568 76.6877 36.1248 
18.0278 13 0 21.095 70.1142 32.28 
10 27.8568 21.095 0 49.366 12.2066 
56.7539 76.6877 70.1142 49.366 0 41.1096 
16.0312 36.1248 32.28 12.2066 41.1096 0 


Distance for  Cluster 5

4
0 52.0865 50.1597 16.1245 
52.0865 0 2.23607 36.0139 
50.1597 2.23607 0 34.0588 
16.1245 36.0139 34.0588 0 


Distance for  Cluster 6

5
0 69.3758 67.7791 66.6408 41.8808 
69.3758 0 8.06226 13.0384 32.3883 
67.7791 8.06226 0 5 28.0713 
66.6408 13.0384 5 0 25.7099 
41.8808 32.3883 28.0713 25.7099 0 


Distance for  Cluster 7

4
0 78.8162 69.6563 94.3663 
78.8162 0 10.198 17 
69.6563 10.198 0 24.7588 
94.3663 17 24.7588 0 


