After sorting
A D X Y 
0 0 0 0
7 100 38 5
44 17 6 6
48 13 28 32
71 8 2 6
77 5 6 26
82 5 2 16
93 14 -2 32
100 13 -6 32
148 2 -36 22
149 13 -48 28
150 23 -14 8
152 19 -34 18
158 21 -50 20
186 13 -52 -6
189 9 -24 -4
193 1 -58 -14
193 8 -68 -16
198 25 -36 -12
202 12 -66 -28
203 8 -28 -12
215 19 -34 -24
219 12 -58 -48
219 24 -32 -26
222 5 -24 -22
222 9 -54 -50
223 12 -32 -30
225 19 -22 -22
226 12 -42 -44
253 4 -10 -34
259 7 -8 -42
293 25 24 -54
294 18 18 -40
296 12 24 -48
297 11 18 -34
303 20 26 -40
315 26 20 -20
333 3 20 -10


CLUSTER 1
A D X Y 
0 0 0 0
7 100 38 5


CLUSTER 2
A D X Y 
0 0 0 0
44 17 6 6
48 13 28 32
71 8 2 6
77 5 6 26
82 5 2 16
93 14 -2 32
100 13 -6 32
148 2 -36 22
149 13 -48 28


CLUSTER 3
A D X Y 
0 0 0 0
150 23 -14 8
152 19 -34 18
158 21 -50 20
186 13 -52 -6
189 9 -24 -4
193 1 -58 -14
193 8 -68 -16


CLUSTER 4
A D X Y 
0 0 0 0
198 25 -36 -12
202 12 -66 -28
203 8 -28 -12
215 19 -34 -24
219 12 -58 -48
219 24 -32 -26


CLUSTER 5
A D X Y 
0 0 0 0
222 5 -24 -22
222 9 -54 -50
223 12 -32 -30
225 19 -22 -22
226 12 -42 -44
253 4 -10 -34
259 7 -8 -42
293 25 24 -54


CLUSTER 6
A D X Y 
0 0 0 0
294 18 18 -40
296 12 24 -48
297 11 18 -34
303 20 26 -40
315 26 20 -20
333 3 20 -10


Distance for  Cluster 1

2
0 38.3275 
38.3275 0 


Distance for  Cluster 2

10
0 8.48528 42.5206 6.32456 26.6833 16.1245 32.0624 32.5576 42.19 55.5698 
8.48528 0 34.0588 4 20 10.7703 27.2029 28.6356 44.9444 58.3095 
42.5206 34.0588 0 36.7696 22.8035 30.5287 30 34 64.7765 76.1052 
6.32456 4 36.7696 0 20.3961 10 26.3059 27.2029 41.2311 54.626 
26.6833 20 22.8035 20.3961 0 10.7703 10 13.4164 42.19 54.037 
16.1245 10.7703 30.5287 10 10.7703 0 16.4924 17.8885 38.4708 51.4198 
32.0624 27.2029 30 26.3059 10 16.4924 0 4 35.4401 46.1736 
32.5576 28.6356 34 27.2029 13.4164 17.8885 4 0 31.6228 42.19 
42.19 44.9444 64.7765 41.2311 42.19 38.4708 35.4401 31.6228 0 13.4164 
55.5698 58.3095 76.1052 54.626 54.037 51.4198 46.1736 42.19 13.4164 0 


Distance for  Cluster 3

8
0 16.1245 38.4708 53.8516 52.345 24.3311 59.6657 69.857 
16.1245 0 22.3607 37.9473 40.4969 15.6205 49.1935 59.0931 
38.4708 22.3607 0 16.1245 30 24.1661 40 48.0833 
53.8516 37.9473 16.1245 0 26.0768 35.3836 34.9285 40.2492 
52.345 40.4969 30 26.0768 0 28.0713 10 18.868 
24.3311 15.6205 24.1661 35.3836 28.0713 0 35.4401 45.607 
59.6657 49.1935 40 34.9285 10 35.4401 0 10.198 
69.857 59.0931 48.0833 40.2492 18.868 45.607 10.198 0 


Distance for  Cluster 4

7
0 37.9473 71.6938 30.4631 41.6173 75.2861 41.2311 
37.9473 0 34 8 12.1655 42.19 14.5602 
71.6938 34 0 41.2311 32.249 21.5407 34.0588 
30.4631 8 41.2311 0 13.4164 46.8615 14.5602 
41.6173 12.1655 32.249 13.4164 0 33.9411 2.82843 
75.2861 42.19 21.5407 46.8615 33.9411 0 34.0588 
41.2311 14.5602 34.0588 14.5602 2.82843 34.0588 0 


Distance for  Cluster 5

9
0 32.5576 73.5935 43.8634 31.1127 60.8276 35.4401 42.7551 59.0931 
32.5576 0 41.0366 11.3137 2 28.4253 18.4391 25.6125 57.6888 
73.5935 41.0366 0 29.7321 42.5206 13.4164 46.8188 46.6905 78.1025 
43.8634 11.3137 29.7321 0 12.8062 17.2047 22.3607 26.8328 60.9262 
31.1127 2 42.5206 12.8062 0 29.7321 16.9706 24.4131 56.0357 
60.8276 28.4253 13.4164 17.2047 29.7321 0 33.5261 34.0588 66.7533 
35.4401 18.4391 46.8188 22.3607 16.9706 33.5261 0 8.24621 39.4462 
42.7551 25.6125 46.6905 26.8328 24.4131 34.0588 8.24621 0 34.176 
59.0931 57.6888 78.1025 60.9262 56.0357 66.7533 39.4462 34.176 0 


Distance for  Cluster 6

7
0 43.8634 53.6656 38.4708 47.7074 28.2843 22.3607 
43.8634 0 10 6 8 20.0998 30.0666 
53.6656 10 0 15.2315 8.24621 28.2843 38.2099 
38.4708 6 15.2315 0 10 14.1421 24.0832 
47.7074 8 8.24621 10 0 20.8806 30.5941 
28.2843 20.0998 28.2843 14.1421 20.8806 0 10 
22.3607 30.0666 38.2099 24.0832 30.5941 10 0 


