After sorting
A D X Y 
0 0 0 0
6 14 84 9
7 100 44 6
8 24 73 11
12 13 44 10
17 18 28 9
19 9 74 26
20 2 65 24
22 3 39 16
32 23 8 5
34 9 44 30
35 24 28 20
37 4 18 14
47 14 10 11
48 14 18 20
82 9 4 30
253 18 -12 -40
257 4 -7 -31
258 13 -13 -66
267 4 -2 -44
267 24 -1 -21
274 3 3 -40
274 18 3 -36
285 9 8 -29
298 13 24 -45
306 18 19 -26
307 13 34 -45
307 24 24 -31
311 8 59 -66
311 14 59 -67
313 9 23 -24
317 8 73 -67
320 18 44 -36
323 24 49 -36
324 8 28 -20
329 13 69 -41
329 14 25 -15
336 8 34 -15
340 24 83 -30
345 19 20 -5
348 14 29 -6
349 8 49 -9
355 8 64 -5
359 14 58 -1


CLUSTER 1
A D X Y 
0 0 0 0
253 18 -12 -40
257 4 -7 -31
258 13 -13 -66
267 4 -2 -44
267 24 -1 -21
274 3 3 -40
274 18 3 -36
285 9 8 -29


CLUSTER 2
A D X Y 
0 0 0 0
298 13 24 -45
306 18 19 -26
307 13 34 -45
307 24 24 -31
311 8 59 -66
311 14 59 -67
313 9 23 -24


CLUSTER 3
A D X Y 
0 0 0 0
317 8 73 -67
320 18 44 -36
323 24 49 -36
324 8 28 -20
329 13 69 -41
329 14 25 -15
336 8 34 -15


CLUSTER 4
A D X Y 
0 0 0 0
340 24 83 -30
345 19 20 -5
348 14 29 -6
349 8 49 -9
355 8 64 -5
359 14 58 -1


CLUSTER 5
A D X Y 
6 14 84 9


CLUSTER 6
A D X Y 
0 0 0 0
7 100 44 6


CLUSTER 7
A D X Y 
0 0 0 0
8 24 73 11
12 13 44 10
17 18 28 9
19 9 74 26
20 2 65 24
22 3 39 16
32 23 8 5


CLUSTER 8
A D X Y 
0 0 0 0
34 9 44 30
35 24 28 20
37 4 18 14
47 14 10 11
48 14 18 20
82 9 4 30


Distance for  Cluster 1

9
0 41.7612 31.7805 67.2681 44.0454 21.0238 40.1123 36.1248 30.0832 
41.7612 0 10.2956 26.0192 10.7703 21.9545 15 15.5242 22.8254 
31.7805 10.2956 0 35.5106 13.9284 11.6619 13.4536 11.1803 15.1327 
67.2681 26.0192 35.5106 0 24.5967 46.5725 30.5287 34 42.5441 
44.0454 10.7703 13.9284 24.5967 0 23.0217 6.40312 9.43398 18.0278 
21.0238 21.9545 11.6619 46.5725 23.0217 0 19.4165 15.5242 12.0416 
40.1123 15 13.4536 30.5287 6.40312 19.4165 0 4 12.083 
36.1248 15.5242 11.1803 34 9.43398 15.5242 4 0 8.60233 
30.0832 22.8254 15.1327 42.5441 18.0278 12.0416 12.083 8.60233 0 


Distance for  Cluster 2

8
0 51 32.2025 56.4004 39.2046 88.5268 89.2749 33.2415 
51 0 19.6469 10 14 40.8167 41.3401 21.0238 
32.2025 19.6469 0 24.2074 7.07107 56.5685 57.28 4.47214 
56.4004 10 24.2074 0 17.2047 32.6497 33.3017 23.7065 
39.2046 14 7.07107 17.2047 0 49.4975 50.2096 7.07107 
88.5268 40.8167 56.5685 32.6497 49.4975 0 1 55.3173 
89.2749 41.3401 57.28 33.3017 50.2096 1 0 56.0803 
33.2415 21.0238 4.47214 23.7065 7.07107 55.3173 56.0803 0 


Distance for  Cluster 3

8
0 99.0858 56.8507 60.803 34.4093 80.2621 29.1548 37.1618 
99.0858 0 42.45 39.2046 65.0692 26.3059 70.7672 65 
56.8507 42.45 0 5 22.6274 25.4951 28.3196 23.2594 
60.803 39.2046 5 0 26.4008 20.6155 31.8904 25.807 
34.4093 65.0692 22.6274 26.4008 0 46.0652 5.83095 7.81025 
80.2621 26.3059 25.4951 20.6155 46.0652 0 51.1077 43.6005 
29.1548 70.7672 28.3196 31.8904 5.83095 51.1077 0 9 
37.1618 65 23.2594 25.807 7.81025 43.6005 9 0 


Distance for  Cluster 4

7
0 88.2553 20.6155 29.6142 49.8197 64.195 58.0086 
88.2553 0 67.7791 59.0931 39.9625 31.4006 38.2884 
20.6155 67.7791 0 9.05539 29.2746 44 38.2099 
29.6142 59.0931 9.05539 0 20.2237 35.0143 29.4279 
49.8197 39.9625 29.2746 20.2237 0 15.5242 12.0416 
64.195 31.4006 44 35.0143 15.5242 0 7.2111 
58.0086 38.2884 38.2099 29.4279 12.0416 7.2111 0 


Distance for  Cluster 5

1
0 


Distance for  Cluster 6

2
0 44.4072 
44.4072 0 


Distance for  Cluster 7

8
0 73.8241 45.1221 29.4109 78.4347 69.2892 42.1545 9.43398 
73.8241 0 29.0172 45.0444 15.0333 15.2643 34.3657 65.2763 
45.1221 29.0172 0 16.0312 34 25.2389 7.81025 36.3456 
29.4109 45.0444 16.0312 0 49.0408 39.9249 13.0384 20.3961 
78.4347 15.0333 34 49.0408 0 9.21954 36.4006 69.2604 
69.2892 15.2643 25.2389 39.9249 9.21954 0 27.2029 60.0833 
42.1545 34.3657 7.81025 13.0384 36.4006 27.2029 0 32.8938 
9.43398 65.2763 36.3456 20.3961 69.2604 60.0833 32.8938 0 


Distance for  Cluster 8

7
0 53.2541 34.4093 22.8035 14.8661 26.9072 30.2655 
53.2541 0 18.868 30.5287 38.9487 27.8568 40 
34.4093 18.868 0 11.6619 20.1246 10 26 
22.8035 30.5287 11.6619 0 8.544 6 21.2603 
14.8661 38.9487 20.1246 8.544 0 12.0416 19.9249 
26.9072 27.8568 10 6 12.0416 0 17.2047 
30.2655 40 26 21.2603 19.9249 17.2047 0 


