After sorting
A D X Y 
0 0 0 0
11 17 35 7
12 17 65 15
18 8 64 21
30 7 43 25
37 10 29 22
47 2 21 23
87 17 1 21
138 16 -30 27
156 14 -18 8
161 22 -24 8
196 19 -20 -6
209 12 -25 -14
214 17 -25 -17
224 21 -30 -29
232 22 -29 -38
242 11 -25 -48
246 11 -28 -64
247 2 -25 -60
248 13 -16 -40
250 5 -20 -57
250 23 -22 -62
260 6 -4 -24
264 24 -3 -30
271 21 1 -50
272 18 2 -42
275 15 5 -56
300 6 40 -68
304 22 25 -36
306 8 17 -23
306 21 15 -20
307 24 33 -43
309 8 22 -27
309 10 56 -68
315 11 67 -65
316 14 60 -56
318 5 65 -57
318 12 50 -44
320 8 54 -44
344 2 18 -5
344 20 44 -12
344 23 65 -18
350 20 66 -11
353 6 9 -1
355 3 59 -5


CLUSTER 1
A D X Y 
0 0 0 0
315 11 67 -65
316 14 60 -56
318 5 65 -57
318 12 50 -44
320 8 54 -44
344 2 18 -5
344 20 44 -12
344 23 65 -18


CLUSTER 2
A D X Y 
0 0 0 0
350 20 66 -11
353 6 9 -1
355 3 59 -5
11 17 35 7
12 17 65 15
18 8 64 21
30 7 43 25
37 10 29 22
47 2 21 23


CLUSTER 3
A D X Y 
0 0 0 0
87 17 1 21
138 16 -30 27
156 14 -18 8
161 22 -24 8
196 19 -20 -6
209 12 -25 -14


CLUSTER 4
A D X Y 
0 0 0 0
214 17 -25 -17
224 21 -30 -29
232 22 -29 -38
242 11 -25 -48
246 11 -28 -64
247 2 -25 -60
248 13 -16 -40


CLUSTER 5
A D X Y 
0 0 0 0
250 5 -20 -57
250 23 -22 -62
260 6 -4 -24
264 24 -3 -30
271 21 1 -50
272 18 2 -42


CLUSTER 6
A D X Y 
0 0 0 0
275 15 5 -56
300 6 40 -68
304 22 25 -36
306 8 17 -23
306 21 15 -20
307 24 33 -43


CLUSTER 7
A D X Y 
0 0 0 0
309 8 22 -27
309 10 56 -68


Distance for  Cluster 1

9
0 93.3488 82.0731 86.4523 66.6033 69.6563 18.6815 45.607 67.4463 
93.3488 0 11.4018 8.24621 27.0185 24.6982 77.4661 57.7754 47.0425 
82.0731 11.4018 0 5.09902 15.6205 13.4164 66.0681 46.8188 38.3275 
86.4523 8.24621 5.09902 0 19.8494 17.0294 70.0928 49.6588 39 
66.6033 27.0185 15.6205 19.8494 0 4 50.448 32.5576 30.0167 
69.6563 24.6982 13.4164 17.0294 4 0 53.0754 33.5261 28.2312 
18.6815 77.4661 66.0681 70.0928 50.448 53.0754 0 26.9258 48.7647 
45.607 57.7754 46.8188 49.6588 32.5576 33.5261 26.9258 0 21.8403 
67.4463 47.0425 38.3275 39 30.0167 28.2312 48.7647 21.8403 0 


Distance for  Cluster 2

10
0 66.9104 9.05539 59.2115 35.6931 66.7083 67.3573 49.7393 36.4006 31.1448 
66.9104 0 57.8705 9.21954 35.8469 26.0192 32.0624 42.72 49.5782 56.4004 
9.05539 57.8705 0 50.1597 27.2029 58.2409 59.2368 42.8019 30.4795 26.8328 
59.2115 9.21954 50.1597 0 26.8328 20.8806 26.4764 34 40.3609 47.2017 
35.6931 35.8469 27.2029 26.8328 0 31.0483 32.2025 19.6977 16.1555 21.2603 
66.7083 26.0192 58.2409 20.8806 31.0483 0 6.08276 24.1661 36.6742 44.7214 
67.3573 32.0624 59.2368 26.4764 32.2025 6.08276 0 21.3776 35.0143 43.0465 
49.7393 42.72 42.8019 34 19.6977 24.1661 21.3776 0 14.3178 22.0907 
36.4006 49.5782 30.4795 40.3609 16.1555 36.6742 35.0143 14.3178 0 8.06226 
31.1448 56.4004 26.8328 47.2017 21.2603 44.7214 43.0465 22.0907 8.06226 0 


Distance for  Cluster 3

7
0 21.0238 40.3609 19.6977 25.2982 20.8806 28.6531 
21.0238 0 31.5753 23.0217 28.178 34.2053 43.6005 
40.3609 31.5753 0 22.4722 19.9249 34.4819 41.3038 
19.6977 23.0217 22.4722 0 6 14.1421 23.0868 
25.2982 28.178 19.9249 6 0 14.5602 22.0227 
20.8806 34.2053 34.4819 14.1421 14.5602 0 9.43398 
28.6531 43.6005 41.3038 23.0868 22.0227 9.43398 0 


Distance for  Cluster 4

8
0 30.2324 41.7253 47.8017 54.1202 69.857 65 43.0813 
30.2324 0 13 21.3776 31 47.0956 43 24.6982 
41.7253 13 0 9.05539 19.6469 35.0571 31.4006 17.8045 
47.8017 21.3776 9.05539 0 10.7703 26.0192 22.3607 13.1529 
54.1202 31 19.6469 10.7703 0 16.2788 12 12.0416 
69.857 47.0956 35.0571 26.0192 16.2788 0 5 26.8328 
65 43 31.4006 22.3607 12 5 0 21.9317 
43.0813 24.6982 17.8045 13.1529 12.0416 26.8328 21.9317 0 


Distance for  Cluster 5

7
0 60.407 65.7875 24.3311 30.1496 50.01 42.0476 
60.407 0 5.38516 36.6742 31.9061 22.1359 26.6271 
65.7875 5.38516 0 42.0476 37.2156 25.9422 31.241 
24.3311 36.6742 42.0476 0 6.08276 26.4764 18.9737 
30.1496 31.9061 37.2156 6.08276 0 20.3961 13 
50.01 22.1359 25.9422 26.4764 20.3961 0 8.06226 
42.0476 26.6271 31.241 18.9737 13 8.06226 0 


Distance for  Cluster 6

7
0 56.2228 78.8923 43.8292 28.6007 25 54.2033 
56.2228 0 37 28.2843 35.1141 37.3631 30.8707 
78.8923 37 0 35.3412 50.5371 54.1202 25.9615 
43.8292 28.2843 35.3412 0 15.2643 18.868 10.6301 
28.6007 35.1141 50.5371 15.2643 0 3.60555 25.6125 
25 37.3631 54.1202 18.868 3.60555 0 29.2062 
54.2033 30.8707 25.9615 10.6301 25.6125 29.2062 0 


Distance for  Cluster 7

3
0 34.8281 88.0909 
34.8281 0 53.2635 
88.0909 53.2635 0 


