After sorting
A D X Y 
0 0 0 0
179 18 -22 0
215 12 -48 -34
216 1 -16 -12
221 6 -32 -28
227 23 -22 -24
228 16 -46 -52
233 21 -54 -74
235 14 -44 -64
237 16 -14 -22
241 17 -12 -22
242 6 -44 -86
247 22 -22 -54
247 24 -26 -64
248 3 -12 -30
248 20 -32 -80
252 22 -28 -90
254 25 -20 -72
256 12 -20 -86
257 9 -4 -18
257 19 -4 -18
259 8 -12 -62
260 19 -16 -94
260 20 -16 -94
265 12 -6 -76
271 20 2 -90
271 26 2 -74
276 13 4 -38
280 20 12 -64
283 15 22 -92
284 14 6 -24
289 21 24 -68
290 14 34 -92
291 1 14 -36
291 11 28 -72
292 8 28 -66
295 17 32 -66
296 24 28 -56
297 2 20 -38
302 7 14 -22
315 8 28 -28
315 20 18 -18
316 13 32 -30
322 5 26 -20
342 10 32 -10


CLUSTER 1
A D X Y 
0 0 0 0
215 12 -48 -34
216 1 -16 -12
221 6 -32 -28
227 23 -22 -24
228 16 -46 -52
233 21 -54 -74
235 14 -44 -64


CLUSTER 2
A D X Y 
0 0 0 0
237 16 -14 -22
241 17 -12 -22
242 6 -44 -86
247 22 -22 -54
247 24 -26 -64
248 3 -12 -30


CLUSTER 3
A D X Y 
0 0 0 0
248 20 -32 -80
252 22 -28 -90
254 25 -20 -72
256 12 -20 -86
257 9 -4 -18


CLUSTER 4
A D X Y 
0 0 0 0
257 19 -4 -18
259 8 -12 -62
260 19 -16 -94
260 20 -16 -94
265 12 -6 -76
271 20 2 -90


CLUSTER 5
A D X Y 
0 0 0 0
271 26 2 -74
276 13 4 -38
280 20 12 -64
283 15 22 -92
284 14 6 -24


CLUSTER 6
A D X Y 
0 0 0 0
289 21 24 -68
290 14 34 -92
291 1 14 -36
291 11 28 -72
292 8 28 -66
295 17 32 -66
296 24 28 -56
297 2 20 -38


CLUSTER 7
A D X Y 
0 0 0 0
302 7 14 -22
315 8 28 -28
315 20 18 -18
316 13 32 -30
322 5 26 -20
342 10 32 -10
179 18 -22 0


Distance for  Cluster 1

0 58.8218 20 42.5206 32.5576 69.4262 91.6079 77.666 
58.8218 0 38.833 17.088 27.8568 18.1108 40.4475 30.2655 
20 38.833 0 22.6274 13.4164 50 72.7186 59.0593 
42.5206 17.088 22.6274 0 10.7703 27.7849 50.9902 37.9473 
32.5576 27.8568 13.4164 10.7703 0 36.8782 59.3633 45.6508 
69.4262 18.1108 50 27.7849 36.8782 0 23.4094 12.1655 
91.6079 40.4475 72.7186 50.9902 59.3633 23.4094 0 14.1421 
77.666 30.2655 59.0593 37.9473 45.6508 12.1655 14.1421 0 


Distance for  Cluster 2

0 26.0768 25.0599 96.6023 58.3095 69.0797 32.311 
26.0768 0 2 70.6824 32.9848 43.6807 8.24621 
25.0599 2 0 71.5542 33.5261 44.2719 8 
96.6023 70.6824 71.5542 0 38.833 28.4253 64.4981 
58.3095 32.9848 33.5261 38.833 0 10.7703 26 
69.0797 43.6807 44.2719 28.4253 10.7703 0 36.7696 
32.311 8.24621 8 64.4981 26 36.7696 0 


Distance for  Cluster 3

0 86.1626 94.255 74.7262 88.295 18.4391 
86.1626 0 10.7703 14.4222 13.4164 68.0294 
94.255 10.7703 0 19.6977 8.94427 75.8947 
74.7262 14.4222 19.6977 0 14 56.3205 
88.295 13.4164 8.94427 14 0 69.857 
18.4391 68.0294 75.8947 56.3205 69.857 0 


Distance for  Cluster 4

0 18.4391 63.1506 95.352 95.352 76.2365 90.0222 
18.4391 0 44.7214 76.9415 76.9415 58.0345 72.2496 
63.1506 44.7214 0 32.249 32.249 15.2315 31.305 
95.352 76.9415 32.249 0 1 20.5913 18.4391 
95.352 76.9415 32.249 1 0 20.5913 18.4391 
76.2365 58.0345 15.2315 20.5913 20.5913 0 16.1245 
90.0222 72.2496 31.305 18.4391 18.4391 16.1245 0 


Distance for  Cluster 5

0 74.027 38.2099 65.1153 94.5939 24.7386 
74.027 0 36.0555 14.1421 26.9072 50.1597 
38.2099 36.0555 0 27.2029 56.921 14.1421 
65.1153 14.1421 27.2029 0 29.7321 40.4475 
94.5939 26.9072 56.921 29.7321 0 69.857 
24.7386 50.1597 14.1421 40.4475 69.857 0 


Distance for  Cluster 6

0 72.111 98.0816 38.6264 77.2528 71.6938 73.3485 62.6099 42.9418 
72.111 0 26 33.5261 5.65685 4.47214 8.24621 12.6491 30.2655 
98.0816 26 0 59.4643 20.8806 26.6833 26.0768 36.4966 55.7853 
38.6264 33.5261 59.4643 0 38.6264 33.1059 34.9857 24.4131 6.32456 
77.2528 5.65685 20.8806 38.6264 0 6 7.2111 16 34.9285 
71.6938 4.47214 26.6833 33.1059 6 0 4 10 29.1204 
73.3485 8.24621 26.0768 34.9857 7.2111 4 0 10.7703 30.4631 
62.6099 12.6491 36.4966 24.4131 16 10 10.7703 0 19.6977 
42.9418 30.2655 55.7853 6.32456 34.9285 29.1204 30.4631 19.6977 0 


Distance for  Cluster 7

0 26.0768 39.598 25.4558 43.8634 32.8024 33.5261 22 
26.0768 0 15.2315 5.65685 19.6977 12.1655 21.6333 42.19 
39.598 15.2315 0 14.1421 4.47214 8.24621 18.4391 57.3062 
25.4558 5.65685 14.1421 0 18.4391 8.24621 16.1245 43.8634 
43.8634 19.6977 4.47214 18.4391 0 11.6619 20 61.7738 
32.8024 12.1655 8.24621 8.24621 11.6619 0 11.6619 52 
33.5261 21.6333 18.4391 16.1245 20 11.6619 0 54.9181 
22 42.19 57.3062 43.8634 61.7738 52 54.9181 0 


