After sorting
A D X Y 
0 0 0 0
3 14 36 2
29 15 14 8
30 11 10 6
30 14 50 30
42 16 28 26
43 26 42 40
48 20 48 54
49 24 24 28
57 18 50 78
59 8 40 68
59 10 42 70
62 2 34 66
62 9 26 50
64 9 38 80
68 8 30 76
69 11 30 82
73 10 20 68
74 3 16 58
75 4 22 86
75 14 24 94
82 18 10 80
83 16 6 54
85 15 6 70
87 18 4 82
89 12 0 90
89 16 0 88
92 14 -4 94
93 9 -2 38
97 2 -6 48
107 5 -24 74
108 25 -14 42
112 23 -24 58
122 3 -20 32
122 13 -10 16
122 16 -34 54
124 8 -34 50
127 16 -44 58
128 23 -8 10
134 7 -10 10
138 5 -36 32
152 25 -42 22
163 20 -46 14
167 12 -26 6
169 13 -34 6
173 2 -36 4
174 22 -44 4
186 22 -36 -4


CLUSTER 1
A D X Y 
0 0 0 0
186 22 -36 -4
3 14 36 2
29 15 14 8
30 11 10 6
30 14 50 30
42 16 28 26


CLUSTER 2
A D X Y 
0 0 0 0
43 26 42 40
48 20 48 54
49 24 24 28
57 18 50 78
59 8 40 68


CLUSTER 3
A D X Y 
0 0 0 0
59 10 42 70
62 2 34 66
62 9 26 50
64 9 38 80
68 8 30 76
69 11 30 82
73 10 20 68
74 3 16 58
75 4 22 86
75 14 24 94
82 18 10 80


CLUSTER 4
A D X Y 
0 0 0 0
83 16 6 54
85 15 6 70
87 18 4 82
89 12 0 90
89 16 0 88
92 14 -4 94
93 9 -2 38


CLUSTER 5
A D X Y 
0 0 0 0
97 2 -6 48
107 5 -24 74
108 25 -14 42
112 23 -24 58
122 3 -20 32
122 13 -10 16
122 16 -34 54
124 8 -34 50


CLUSTER 6
A D X Y 
0 0 0 0
127 16 -44 58
128 23 -8 10
134 7 -10 10
138 5 -36 32
152 25 -42 22
163 20 -46 14


CLUSTER 7
A D X Y 
0 0 0 0
167 12 -26 6
169 13 -34 6
173 2 -36 4
174 22 -44 4


Distance for  Cluster 1

7
0 36.2215 36.0555 16.1245 11.6619 58.3095 38.2099 
36.2215 0 72.2496 51.4198 47.0744 92.477 70.6824 
36.0555 72.2496 0 22.8035 26.3059 31.305 25.2982 
16.1245 51.4198 22.8035 0 4.47214 42.19 22.8035 
11.6619 47.0744 26.3059 4.47214 0 46.6476 26.9072 
58.3095 92.477 31.305 42.19 46.6476 0 22.3607 
38.2099 70.6824 25.2982 22.8035 26.9072 22.3607 0 


Distance for  Cluster 2

6
0 58 72.2496 36.8782 92.6499 78.8923 
58 0 15.2315 21.6333 38.833 28.0713 
72.2496 15.2315 0 35.3836 24.0832 16.1245 
36.8782 21.6333 35.3836 0 56.356 43.0813 
92.6499 38.833 24.0832 56.356 0 14.1421 
78.8923 28.0713 16.1245 43.0813 14.1421 0 


Distance for  Cluster 3

12
0 81.6333 74.2428 56.356 88.5664 81.7068 87.3155 70.8802 60.1664 88.7694 97.0155 80.6226 
81.6333 0 8.94427 25.6125 10.7703 13.4164 16.9706 22.0907 28.6356 25.6125 30 33.5261 
74.2428 8.94427 0 17.8885 14.5602 10.7703 16.4924 14.1421 19.6977 23.3238 29.7321 27.7849 
56.356 25.6125 17.8885 0 32.311 26.3059 32.249 18.9737 12.8062 36.2215 44.0454 34 
88.5664 10.7703 14.5602 32.311 0 8.94427 8.24621 21.6333 31.1127 17.088 19.799 28 
81.7068 13.4164 10.7703 26.3059 8.94427 0 6 12.8062 22.8035 12.8062 18.9737 20.3961 
87.3155 16.9706 16.4924 32.249 8.24621 6 0 17.2047 27.7849 8.94427 13.4164 20.0998 
70.8802 22.0907 14.1421 18.9737 21.6333 12.8062 17.2047 0 10.7703 18.1108 26.3059 15.6205 
60.1664 28.6356 19.6977 12.8062 31.1127 22.8035 27.7849 10.7703 0 28.6356 36.8782 22.8035 
88.7694 25.6125 23.3238 36.2215 17.088 12.8062 8.94427 18.1108 28.6356 0 8.24621 13.4164 
97.0155 30 29.7321 44.0454 19.799 18.9737 13.4164 26.3059 36.8782 8.24621 0 19.799 
80.6226 33.5261 27.7849 34 28 20.3961 20.0998 15.6205 22.8035 13.4164 19.799 0 


Distance for  Cluster 4

8
0 54.3323 70.2567 82.0975 90 88 94.0851 38.0526 
54.3323 0 16 28.0713 36.4966 34.5254 41.2311 17.8885 
70.2567 16 0 12.1655 20.8806 18.9737 26 32.9848 
82.0975 28.0713 12.1655 0 8.94427 7.2111 14.4222 44.4072 
90 36.4966 20.8806 8.94427 0 2 5.65685 52.0384 
88 34.5254 18.9737 7.2111 2 0 7.2111 50.04 
94.0851 41.2311 26 14.4222 5.65685 7.2111 0 56.0357 
38.0526 17.8885 32.9848 44.4072 52.0384 50.04 56.0357 0 


Distance for  Cluster 5

9
0 48.3735 77.7946 44.2719 62.7694 37.7359 18.868 63.8122 60.4649 
48.3735 0 31.6228 10 20.5913 21.2603 32.249 28.6356 28.0713 
77.7946 31.6228 0 33.5261 16 42.19 59.6657 22.3607 26 
44.2719 10 33.5261 0 18.868 11.6619 26.3059 23.3238 21.5407 
62.7694 20.5913 16 18.868 0 26.3059 44.2719 10.7703 12.8062 
37.7359 21.2603 42.19 11.6619 26.3059 0 18.868 26.0768 22.8035 
18.868 32.249 59.6657 26.3059 44.2719 18.868 0 44.9444 41.6173 
63.8122 28.6356 22.3607 23.3238 10.7703 26.0768 44.9444 0 4 
60.4649 28.0713 26 21.5407 12.8062 22.8035 41.6173 4 0 


Distance for  Cluster 6

7
0 72.8011 12.8062 14.1421 48.1664 47.4131 48.0833 
72.8011 0 60 58.8218 27.2029 36.0555 44.0454 
12.8062 60 0 2 35.609 36.0555 38.2099 
14.1421 58.8218 2 0 34.0588 34.176 36.2215 
48.1664 27.2029 35.609 34.0588 0 11.6619 20.5913 
47.4131 36.0555 36.0555 34.176 11.6619 0 8.94427 
48.0833 44.0454 38.2099 36.2215 20.5913 8.94427 0 


Distance for  Cluster 7

5
0 26.6833 34.5254 36.2215 44.1814 
26.6833 0 8 10.198 18.1108 
34.5254 8 0 2.82843 10.198 
36.2215 10.198 2.82843 0 8 
44.1814 18.1108 10.198 8 0 


