After sorting
A D X Y 
0 0 0 0
3 14 36 2
29 15 14 8
30 11 10 6
30 14 50 30
42 16 28 26
43 26 42 40
48 20 48 54
49 24 24 28
57 18 50 78
59 8 40 68
59 10 42 70
62 2 34 66
62 9 26 50
64 9 38 80
68 8 30 76
69 11 30 82
73 10 20 68
74 3 16 58
75 4 22 86
75 14 24 94
82 18 10 80
83 16 6 54
85 15 6 70
87 18 4 82
89 12 0 90
89 16 0 88
92 14 -4 94
93 9 -2 38
97 2 -6 48
107 5 -24 74
108 25 -14 42
112 23 -24 58
122 3 -20 32
122 13 -10 16
122 16 -34 54
124 8 -34 50
127 16 -44 58
128 23 -8 10
134 7 -10 10
138 5 -36 32
152 25 -42 22
163 20 -46 14
167 12 -26 6
169 13 -34 6
173 2 -36 4
174 22 -44 4
186 22 -36 -4


CLUSTER 1
A D X Y 
0 0 0 0
92 14 -4 94
93 9 -2 38
97 2 -6 48
107 5 -24 74
108 25 -14 42
112 23 -24 58
122 3 -20 32
122 13 -10 16


CLUSTER 2
A D X Y 
0 0 0 0
122 16 -34 54
124 8 -34 50
127 16 -44 58
128 23 -8 10
134 7 -10 10
138 5 -36 32
152 25 -42 22


CLUSTER 3
A D X Y 
0 0 0 0
163 20 -46 14
167 12 -26 6
169 13 -34 6
173 2 -36 4
174 22 -44 4
186 22 -36 -4


CLUSTER 4
A D X Y 
3 14 36 2
29 15 14 8
30 11 10 6
30 14 50 30
42 16 28 26
43 26 42 40


CLUSTER 5
A D X Y 
0 0 0 0
48 20 48 54
49 24 24 28
57 18 50 78
59 8 40 68
59 10 42 70
62 2 34 66
62 9 26 50
64 9 38 80


CLUSTER 6
A D X Y 
0 0 0 0
68 8 30 76
69 11 30 82
73 10 20 68
74 3 16 58
75 4 22 86
75 14 24 94
82 18 10 80
83 16 6 54
85 15 6 70


CLUSTER 7
A D X Y 
0 0 0 0
87 18 4 82
89 12 0 90
89 16 0 88


Distance for  Cluster 1

9
0 94.0851 38.0526 48.3735 77.7946 44.2719 62.7694 37.7359 18.868 
94.0851 0 56.0357 46.0435 28.2843 52.9528 41.1825 64.0312 78.2304 
38.0526 56.0357 0 10.7703 42.19 12.6491 29.7321 18.9737 23.4094 
48.3735 46.0435 10.7703 0 31.6228 10 20.5913 21.2603 32.249 
77.7946 28.2843 42.19 31.6228 0 33.5261 16 42.19 59.6657 
44.2719 52.9528 12.6491 10 33.5261 0 18.868 11.6619 26.3059 
62.7694 41.1825 29.7321 20.5913 16 18.868 0 26.3059 44.2719 
37.7359 64.0312 18.9737 21.2603 42.19 11.6619 26.3059 0 18.868 
18.868 78.2304 23.4094 32.249 59.6657 26.3059 44.2719 18.868 0 


Distance for  Cluster 2

8
0 63.8122 60.4649 72.8011 12.8062 14.1421 48.1664 47.4131 
63.8122 0 4 10.7703 51.1077 50.1199 22.0907 32.9848 
60.4649 4 0 12.8062 47.7074 46.6476 18.1108 29.1204 
72.8011 10.7703 12.8062 0 60 58.8218 27.2029 36.0555 
12.8062 51.1077 47.7074 60 0 2 35.609 36.0555 
14.1421 50.1199 46.6476 58.8218 2 0 34.0588 34.176 
48.1664 22.0907 18.1108 27.2029 35.609 34.0588 0 11.6619 
47.4131 32.9848 29.1204 36.0555 36.0555 34.176 11.6619 0 


Distance for  Cluster 3

7
0 48.0833 26.6833 34.5254 36.2215 44.1814 36.2215 
48.0833 0 21.5407 14.4222 14.1421 10.198 20.5913 
26.6833 21.5407 0 8 10.198 18.1108 14.1421 
34.5254 14.4222 8 0 2.82843 10.198 10.198 
36.2215 14.1421 10.198 2.82843 0 8 8 
44.1814 10.198 18.1108 10.198 8 0 11.3137 
36.2215 20.5913 14.1421 10.198 8 11.3137 0 


Distance for  Cluster 4

6
0 22.8035 26.3059 31.305 25.2982 38.4708 
22.8035 0 4.47214 42.19 22.8035 42.5206 
26.3059 4.47214 0 46.6476 26.9072 46.6905 
31.305 42.19 46.6476 0 22.3607 12.8062 
25.2982 22.8035 26.9072 22.3607 0 19.799 
38.4708 42.5206 46.6905 12.8062 19.799 0 


Distance for  Cluster 5

9
0 72.2496 36.8782 92.6499 78.8923 81.6333 74.2428 56.356 88.5664 
72.2496 0 35.3836 24.0832 16.1245 17.088 18.4391 22.3607 27.8568 
36.8782 35.3836 0 56.356 43.0813 45.6946 39.2938 22.0907 53.8516 
92.6499 24.0832 56.356 0 14.1421 11.3137 20 36.8782 12.1655 
78.8923 16.1245 43.0813 14.1421 0 2.82843 6.32456 22.8035 12.1655 
81.6333 17.088 45.6946 11.3137 2.82843 0 8.94427 25.6125 10.7703 
74.2428 18.4391 39.2938 20 6.32456 8.94427 0 17.8885 14.5602 
56.356 22.3607 22.0907 36.8782 22.8035 25.6125 17.8885 0 32.311 
88.5664 27.8568 53.8516 12.1655 12.1655 10.7703 14.5602 32.311 0 


Distance for  Cluster 6

10
0 81.7068 87.3155 70.8802 60.1664 88.7694 97.0155 80.6226 54.3323 70.2567 
81.7068 0 6 12.8062 22.8035 12.8062 18.9737 20.3961 32.5576 24.7386 
87.3155 6 0 17.2047 27.7849 8.94427 13.4164 20.0998 36.8782 26.8328 
70.8802 12.8062 17.2047 0 10.7703 18.1108 26.3059 15.6205 19.799 14.1421 
60.1664 22.8035 27.7849 10.7703 0 28.6356 36.8782 22.8035 10.7703 15.6205 
88.7694 12.8062 8.94427 18.1108 28.6356 0 8.24621 13.4164 35.7771 22.6274 
97.0155 18.9737 13.4164 26.3059 36.8782 8.24621 0 19.799 43.8634 30 
80.6226 20.3961 20.0998 15.6205 22.8035 13.4164 19.799 0 26.3059 10.7703 
54.3323 32.5576 36.8782 19.799 10.7703 35.7771 43.8634 26.3059 0 16 
70.2567 24.7386 26.8328 14.1421 15.6205 22.6274 30 10.7703 16 0 


Distance for  Cluster 7

4
0 82.0975 90 88 
82.0975 0 8.94427 7.2111 
90 8.94427 0 2 
88 7.2111 2 0 


