After sorting
A D X Y 
0 0 0 0
20 15 16 6
21 14 10 4
27 13 17 9
28 24 26 14
39 5 35 29
49 10 26 30
50 9 25 30
51 5 11 14
61 14 16 29
89 18 0 24
116 13 -10 20
195 23 -14 -4
209 3 -35 -20
231 23 -35 -44
232 8 -19 -25
237 10 -35 -54
242 19 -34 -65
247 2 -25 -60
254 13 -10 -35
260 8 -10 -60
265 9 -3 -41
266 23 -4 -61
267 14 -3 -61
270 20 0 -61
276 20 6 -55
295 24 31 -65
306 18 12 -16
308 18 40 -51
309 19 5 -6
320 10 30 -25
320 14 35 -29
358 8 40 -1


CLUSTER 1
A D X Y 
0 0 0 0
195 23 -14 -4
209 3 -35 -20
231 23 -35 -44
232 8 -19 -25
237 10 -35 -54
242 19 -34 -65
247 2 -25 -60


CLUSTER 2
A D X Y 
0 0 0 0
254 13 -10 -35
260 8 -10 -60
265 9 -3 -41
266 23 -4 -61
267 14 -3 -61
270 20 0 -61


CLUSTER 3
A D X Y 
0 0 0 0
276 20 6 -55
295 24 31 -65
306 18 12 -16
308 18 40 -51
309 19 5 -6


CLUSTER 4
A D X Y 
0 0 0 0
320 10 30 -25
320 14 35 -29
358 8 40 -1
20 15 16 6
21 14 10 4
27 13 17 9
28 24 26 14


CLUSTER 5
A D X Y 
0 0 0 0
39 5 35 29
49 10 26 30
50 9 25 30
51 5 11 14
61 14 16 29
89 18 0 24
116 13 -10 20


Distance for  Cluster 1

8
0 14.5602 40.3113 56.2228 31.4006 64.3506 73.3553 65 
14.5602 0 26.4008 45.1774 21.587 54.231 64.195 57.0701 
40.3113 26.4008 0 24 16.7631 34 45.0111 41.2311 
56.2228 45.1774 24 0 24.8395 10 21.0238 18.868 
31.4006 21.587 16.7631 24.8395 0 33.121 42.72 35.5106 
64.3506 54.231 34 10 33.121 0 11.0454 11.6619 
73.3553 64.195 45.0111 21.0238 42.72 11.0454 0 10.2956 
65 57.0701 41.2311 18.868 35.5106 11.6619 10.2956 0 


Distance for  Cluster 2

7
0 36.4006 60.8276 41.1096 61.131 61.0737 61 
36.4006 0 25 9.21954 26.6833 26.9258 27.8568 
60.8276 25 0 20.2485 6.08276 7.07107 10.0499 
41.1096 9.21954 20.2485 0 20.025 20 20.2237 
61.131 26.6833 6.08276 20.025 0 1 4 
61.0737 26.9258 7.07107 20 1 0 3 
61 27.8568 10.0499 20.2237 4 3 0 


Distance for  Cluster 3

6
0 55.3263 72.0139 20 64.8151 7.81025 
55.3263 0 26.9258 39.4588 34.2345 49.0102 
72.0139 26.9258 0 52.5547 16.6433 64.4748 
20 39.4588 52.5547 0 44.8219 12.2066 
64.8151 34.2345 16.6433 44.8219 0 57.0088 
7.81025 49.0102 64.4748 12.2066 57.0088 0 


Distance for  Cluster 4

8
0 39.0512 45.4533 40.0125 17.088 10.7703 19.2354 29.5296 
39.0512 0 6.40312 26 34.0147 35.2278 36.4006 39.2046 
45.4533 6.40312 0 28.4429 39.8246 41.4005 42.0476 43.9318 
40.0125 26 28.4429 0 25 30.4138 25.0799 20.5183 
17.088 34.0147 39.8246 25 0 6.32456 3.16228 12.8062 
10.7703 35.2278 41.4005 30.4138 6.32456 0 8.60233 18.868 
19.2354 36.4006 42.0476 25.0799 3.16228 8.60233 0 10.2956 
29.5296 39.2046 43.9318 20.5183 12.8062 18.868 10.2956 0 


Distance for  Cluster 5

8
0 45.4533 39.6989 39.0512 17.8045 33.121 24 22.3607 
45.4533 0 9.05539 10.0499 28.3019 19 35.3553 45.8912 
39.6989 9.05539 0 1 21.9317 10.0499 26.6833 37.3631 
39.0512 10.0499 1 0 21.2603 9.05539 25.7099 36.4006 
17.8045 28.3019 21.9317 21.2603 0 15.8114 14.8661 21.8403 
33.121 19 10.0499 9.05539 15.8114 0 16.7631 27.5136 
24 35.3553 26.6833 25.7099 14.8661 16.7631 0 10.7703 
22.3607 45.8912 37.3631 36.4006 21.8403 27.5136 10.7703 0 


