After sorting
A D X Y 
0 0 0 0
8 100 34 5
55 15 18 26
70 19 14 40
71 20 14 42
92 3 -2 52
95 24 -6 60
96 23 -6 52
101 12 -8 38
108 13 -10 30
109 25 -16 46
110 7 -22 58
115 5 -18 38
116 24 -18 36
119 7 -18 32
129 16 -44 54
131 15 -46 52
139 23 -50 42
140 4 -54 44
144 15 -54 38
145 5 -26 18
146 14 -30 20
164 15 -72 20
174 16 -42 4
203 24 -70 -30
204 5 -62 -28
204 13 -52 -24
207 3 -34 -18
210 9 -24 -14
213 13 -46 -30
216 24 -38 -28
260 13 -2 -12
315 15 24 -24
339 20 16 -6


CLUSTER 1
A D X Y 
0 0 0 0
55 15 18 26
70 19 14 40
71 20 14 42
92 3 -2 52
95 24 -6 60


CLUSTER 2
A D X Y 
0 0 0 0
96 23 -6 52
101 12 -8 38
108 13 -10 30
109 25 -16 46
110 7 -22 58
115 5 -18 38


CLUSTER 3
A D X Y 
0 0 0 0
116 24 -18 36
119 7 -18 32
129 16 -44 54
131 15 -46 52
139 23 -50 42
140 4 -54 44


CLUSTER 4
A D X Y 
0 0 0 0
144 15 -54 38
145 5 -26 18
146 14 -30 20
164 15 -72 20
174 16 -42 4
203 24 -70 -30
204 5 -62 -28


CLUSTER 5
A D X Y 
0 0 0 0
204 13 -52 -24
207 3 -34 -18
210 9 -24 -14
213 13 -46 -30
216 24 -38 -28
260 13 -2 -12
315 15 24 -24


CLUSTER 6
A D X Y 
0 0 0 0
339 20 16 -6


CLUSTER 7
A D X Y 
8 100 34 5


Distance for  Cluster 1

6
0 31.6228 42.3792 44.2719 52.0384 60.2993 
31.6228 0 14.5602 16.4924 32.8024 41.6173 
42.3792 14.5602 0 2 20 28.2843 
44.2719 16.4924 2 0 18.868 26.9072 
52.0384 32.8024 20 18.868 0 8.94427 
60.2993 41.6173 28.2843 26.9072 8.94427 0 


Distance for  Cluster 2

7
0 52.345 38.833 31.6228 48.7032 62.0322 42.0476 
52.345 0 14.1421 22.3607 11.6619 17.088 18.4391 
38.833 14.1421 0 8.24621 11.3137 24.4131 10 
31.6228 22.3607 8.24621 0 17.088 30.4631 11.3137 
48.7032 11.6619 11.3137 17.088 0 13.4164 8.24621 
62.0322 17.088 24.4131 30.4631 13.4164 0 20.3961 
42.0476 18.4391 10 11.3137 8.24621 20.3961 0 


Distance for  Cluster 3

7
0 40.2492 36.7151 69.6563 69.4262 65.2993 69.6563 
40.2492 0 4 31.6228 32.249 32.5576 36.8782 
36.7151 4 0 34.0588 34.4093 33.5261 37.9473 
69.6563 31.6228 34.0588 0 2.82843 13.4164 14.1421 
69.4262 32.249 34.4093 2.82843 0 10.7703 11.3137 
65.2993 32.5576 33.5261 13.4164 10.7703 0 4.47214 
69.6563 36.8782 37.9473 14.1421 11.3137 4.47214 0 


Distance for  Cluster 4

8
0 66.0303 31.6228 36.0555 74.7262 42.19 76.1577 68.0294 
66.0303 0 34.4093 30 25.4558 36.0555 69.857 66.4831 
31.6228 34.4093 0 4.47214 46.0435 21.2603 65.1153 58.4123 
36.0555 30 4.47214 0 42 20 64.0312 57.6888 
74.7262 25.4558 46.0435 42 0 34 50.04 49.0306 
42.19 36.0555 21.2603 20 34 0 44.0454 37.7359 
76.1577 69.857 65.1153 64.0312 50.04 44.0454 0 8.24621 
68.0294 66.4831 58.4123 57.6888 49.0306 37.7359 8.24621 0 


Distance for  Cluster 5

8
0 57.2713 38.4708 27.7849 54.9181 47.2017 12.1655 33.9411 
57.2713 0 18.9737 29.7321 8.48528 14.5602 51.4198 76 
38.4708 18.9737 0 10.7703 16.9706 10.7703 32.5576 58.3095 
27.7849 29.7321 10.7703 0 27.2029 19.799 22.0907 49.0306 
54.9181 8.48528 16.9706 27.2029 0 8.24621 47.5395 70.2567 
47.2017 14.5602 10.7703 19.799 8.24621 0 39.3954 62.1289 
12.1655 51.4198 32.5576 22.0907 47.5395 39.3954 0 28.6356 
33.9411 76 58.3095 49.0306 70.2567 62.1289 28.6356 0 


Distance for  Cluster 6

2
0 17.088 
17.088 0 


Distance for  Cluster 7

1
0 


