After sorting
A D X Y 
0 0 0 0
36 18 8 6
75 8 14 55
86 17 1 16
93 66 -3 52
94 4 -4 50
97 12 -2 16
105 21 -18 67
111 19 -25 63
115 26 -29 60
123 26 -23 35
125 16 -46 64
129 19 -44 54
130 2 -61 72
137 12 -67 61
140 20 -45 37
141 5 -19 15
144 9 -85 60
149 8 -20 12
152 14 -32 17
153 19 -65 32
155 19 -35 16
156 10 -40 17
157 3 -85 35
157 21 -39 16
161 19 -67 23
161 23 -82 28
168 8 -70 14
169 13 -11 2
185 1 -57 -5
187 5 -39 -5
188 23 -61 -9
191 7 -73 -15
196 18 -24 -7
200 20 -52 -19
264 21 -2 -20
303 18 10 -15


CLUSTER 1
A D X Y 
0 0 0 0
185 1 -57 -5
187 5 -39 -5
188 23 -61 -9
191 7 -73 -15
196 18 -24 -7
200 20 -52 -19
264 21 -2 -20


CLUSTER 2
A D X Y 
0 0 0 0
303 18 10 -15
36 18 8 6
75 8 14 55
86 17 1 16


CLUSTER 3
A D X Y 
0 0 0 0
93 66 -3 52
94 4 -4 50
97 12 -2 16


CLUSTER 4
A D X Y 
0 0 0 0
105 21 -18 67
111 19 -25 63
115 26 -29 60
123 26 -23 35


CLUSTER 5
A D X Y 
0 0 0 0
125 16 -46 64
129 19 -44 54
130 2 -61 72
137 12 -67 61
140 20 -45 37
141 5 -19 15
144 9 -85 60
149 8 -20 12


CLUSTER 6
A D X Y 
0 0 0 0
152 14 -32 17
153 19 -65 32
155 19 -35 16
156 10 -40 17
157 3 -85 35
157 21 -39 16


CLUSTER 7
A D X Y 
0 0 0 0
161 19 -67 23
161 23 -82 28
168 8 -70 14
169 13 -11 2


Distance for  Cluster 1

8
0 57.2189 39.3192 61.6604 74.5252 25 55.3624 20.0998 
57.2189 0 18 5.65685 18.868 33.0606 14.8661 57.0088 
39.3192 18 0 22.3607 35.4401 15.1327 19.105 39.9249 
61.6604 5.65685 22.3607 0 13.4164 37.054 13.4536 60.0167 
74.5252 18.868 35.4401 13.4164 0 49.6488 21.3776 71.1758 
25 33.0606 15.1327 37.054 49.6488 0 30.4631 25.5539 
55.3624 14.8661 19.105 13.4536 21.3776 30.4631 0 50.01 
20.0998 57.0088 39.9249 60.0167 71.1758 25.5539 50.01 0 


Distance for  Cluster 2

5
0 18.0278 10 56.7539 16.0312 
18.0278 0 21.095 70.1142 32.28 
10 21.095 0 49.366 12.2066 
56.7539 70.1142 49.366 0 41.1096 
16.0312 32.28 12.2066 41.1096 0 


Distance for  Cluster 3

4
0 52.0865 50.1597 16.1245 
52.0865 0 2.23607 36.0139 
50.1597 2.23607 0 34.0588 
16.1245 36.0139 34.0588 0 


Distance for  Cluster 4

5
0 69.3758 67.7791 66.6408 41.8808 
69.3758 0 8.06226 13.0384 32.3883 
67.7791 8.06226 0 5 28.0713 
66.6408 13.0384 5 0 25.7099 
41.8808 32.3883 28.0713 25.7099 0 


Distance for  Cluster 5

9
0 78.8162 69.6563 94.3663 90.609 58.258 24.2074 104.043 23.3238 
78.8162 0 10.198 17 21.2132 27.0185 55.9464 39.2046 58.1378 
69.6563 10.198 0 24.7588 24.0416 17.0294 46.3249 41.4367 48.3735 
94.3663 17 24.7588 0 12.53 38.4838 70.8025 26.8328 72.6705 
90.609 21.2132 24.0416 12.53 0 32.5576 66.4831 18.0278 67.897 
58.258 27.0185 17.0294 38.4838 32.5576 0 34.0588 46.1411 35.3553 
24.2074 55.9464 46.3249 70.8025 66.4831 34.0588 0 79.8812 3.16228 
104.043 39.2046 41.4367 26.8328 18.0278 46.1411 79.8812 0 80.8022 
23.3238 58.1378 48.3735 72.6705 67.897 35.3553 3.16228 80.8022 0 


Distance for  Cluster 6

7
0 36.2353 72.45 38.4838 43.4626 91.9239 42.1545 
36.2353 0 36.2491 3.16228 8 55.9732 7.07107 
72.45 36.2491 0 34 29.1548 20.2237 30.5287 
38.4838 3.16228 34 0 5.09902 53.4883 4 
43.4626 8 29.1548 5.09902 0 48.4665 1.41421 
91.9239 55.9732 20.2237 53.4883 48.4665 0 49.7695 
42.1545 7.07107 30.5287 4 1.41421 49.7695 0 


Distance for  Cluster 7

5
0 70.8378 86.6487 71.3863 11.1803 
70.8378 0 15.8114 9.48683 59.808 
86.6487 15.8114 0 18.4391 75.6108 
71.3863 9.48683 18.4391 0 60.208 
11.1803 59.808 75.6108 60.208 0 


