After sorting
A D X Y 
0 0 0 0
0 16 21 0
4 22 60 5
16 2 40 12
16 7 54 16
17 7 35 11
25 2 40 19
38 6 55 44
43 1 40 38
44 2 34 33
53 12 37 50
56 27 30 46
59 1 9 15
91 9 -1 42
114 20 -20 43
116 23 -13 26
121 4 -28 45
129 2 -22 27
134 5 -2 2
143 1 -27 20
143 6 -30 22
146 7 -12 8
150 19 -26 15
156 20 -16 7
174 9 -29 3
248 13 -12 -31
267 7 -1 -21
285 7 12 -44
304 8 28 -40
304 16 7 -10
305 16 15 -21
310 19 22 -26
321 23 5 -4
326 23 58 -39
337 3 44 -18
353 24 36 -4
356 18 58 -4


CLUSTER 1
A D X Y 
0 0 0 0
143 1 -27 20
143 6 -30 22
146 7 -12 8
150 19 -26 15
156 20 -16 7
174 9 -29 3
248 13 -12 -31
267 7 -1 -21
285 7 12 -44
304 8 28 -40


CLUSTER 2
A D X Y 
0 0 0 0
304 16 7 -10
305 16 15 -21
310 19 22 -26
321 23 5 -4
326 23 58 -39
337 3 44 -18


CLUSTER 3
A D X Y 
0 0 0 0
353 24 36 -4
356 18 58 -4
0 16 21 0
4 22 60 5
16 2 40 12
16 7 54 16
17 7 35 11
25 2 40 19


CLUSTER 4
A D X Y 
0 0 0 0
38 6 55 44
43 1 40 38
44 2 34 33
53 12 37 50
56 27 30 46
59 1 9 15
91 9 -1 42
114 20 -20 43


CLUSTER 5
A D X Y 
0 0 0 0
116 23 -13 26
121 4 -28 45
129 2 -22 27
134 5 -2 2


Distance for  Cluster 1

11
0 33.6006 37.2022 14.4222 30.0167 17.4642 29.1548 33.2415 21.0238 45.607 48.8262 
33.6006 0 3.60555 19.2094 5.09902 17.0294 17.1172 53.1601 48.5489 74.9466 81.3941 
37.2022 3.60555 0 22.8035 8.06226 20.5183 19.0263 55.9732 51.8652 78.2304 84.8999 
14.4222 19.2094 22.8035 0 15.6525 4.12311 17.72 39 31.0161 57.2713 62.482 
30.0167 5.09902 8.06226 15.6525 0 12.8062 12.3693 48.0833 43.8292 70.1783 77.0779 
17.4642 17.0294 20.5183 4.12311 12.8062 0 13.6015 38.2099 31.7648 58.1808 64.3817 
29.1548 17.1172 19.0263 17.72 12.3693 13.6015 0 38.0132 36.8782 62.3699 71.4003 
33.2415 53.1601 55.9732 39 48.0833 38.2099 38.0132 0 14.8661 27.2947 41 
21.0238 48.5489 51.8652 31.0161 43.8292 31.7648 36.8782 14.8661 0 26.4197 34.6699 
45.607 74.9466 78.2304 57.2713 70.1783 58.1808 62.3699 27.2947 26.4197 0 16.4924 
48.8262 81.3941 84.8999 62.482 77.0779 64.3817 71.4003 41 34.6699 16.4924 0 


Distance for  Cluster 2

7
0 12.2066 25.807 34.0588 6.40312 69.8928 47.5395 
12.2066 0 13.6015 21.9317 6.32456 58.6686 37.855 
25.807 13.6015 0 8.60233 19.7231 46.6154 29.1548 
34.0588 21.9317 8.60233 0 27.8029 38.2753 23.4094 
6.40312 6.32456 19.7231 27.8029 0 63.5138 41.4367 
69.8928 58.6686 46.6154 38.2753 63.5138 0 25.2389 
47.5395 37.855 29.1548 23.4094 41.4367 25.2389 0 


Distance for  Cluster 3

9
0 36.2215 58.1378 21 60.208 41.7612 56.3205 36.6879 44.2832 
36.2215 0 22 15.5242 25.632 16.4924 26.9072 15.0333 23.3452 
58.1378 22 0 37.2156 9.21954 24.0832 20.3961 27.4591 29.2062 
21 15.5242 37.2156 0 39.3192 22.4722 36.6742 17.8045 26.8701 
60.208 25.632 9.21954 39.3192 0 21.1896 12.53 25.7099 24.4131 
41.7612 16.4924 24.0832 22.4722 21.1896 0 14.5602 5.09902 7 
56.3205 26.9072 20.3961 36.6742 12.53 14.5602 0 19.6469 14.3178 
36.6879 15.0333 27.4591 17.8045 25.7099 5.09902 19.6469 0 9.43398 
44.2832 23.3452 29.2062 26.8701 24.4131 7 14.3178 9.43398 0 


Distance for  Cluster 4

9
0 70.4344 55.1725 47.3814 62.2013 54.9181 17.4929 42.0119 47.4236 
70.4344 0 16.1555 23.7065 18.9737 25.0799 54.3783 56.0357 75.0067 
55.1725 16.1555 0 7.81025 12.3693 12.8062 38.6005 41.1947 60.208 
47.3814 23.7065 7.81025 0 17.2627 13.6015 30.8058 36.1386 54.9181 
62.2013 18.9737 12.3693 17.2627 0 8.06226 44.8219 38.833 57.4282 
54.9181 25.0799 12.8062 13.6015 8.06226 0 37.4433 31.257 50.0899 
17.4929 54.3783 38.6005 30.8058 44.8219 37.4433 0 28.7924 40.3113 
42.0119 56.0357 41.1947 36.1386 38.833 31.257 28.7924 0 19.0263 
47.4236 75.0067 60.208 54.9181 57.4282 50.0899 40.3113 19.0263 0 


Distance for  Cluster 5

5
0 29.0689 53 34.8281 2.82843 
29.0689 0 24.2074 9.05539 26.4008 
53 24.2074 0 18.9737 50.2494 
34.8281 9.05539 18.9737 0 32.0156 
2.82843 26.4008 50.2494 32.0156 0 


