After sorting
A D X Y 
0 0 0 0
7 100 38 5
44 17 6 6
48 13 28 32
71 8 2 6
77 5 6 26
82 5 2 16
93 14 -2 32
100 13 -6 32
148 2 -36 22
149 13 -48 28
150 23 -14 8
152 19 -34 18
158 21 -50 20
186 13 -52 -6
189 9 -24 -4
193 1 -58 -14
193 8 -68 -16
198 25 -36 -12
202 12 -66 -28
203 8 -28 -12
215 19 -34 -24
219 12 -58 -48
219 24 -32 -26
222 5 -24 -22
222 9 -54 -50
223 12 -32 -30
225 19 -22 -22
226 12 -42 -44
253 4 -10 -34
259 7 -8 -42
293 25 24 -54
294 18 18 -40
296 12 24 -48
297 11 18 -34
303 20 26 -40
315 26 20 -20
333 3 20 -10


CLUSTER 1
A D X Y 
0 0 0 0
148 2 -36 22
149 13 -48 28
150 23 -14 8
152 19 -34 18
158 21 -50 20
186 13 -52 -6
189 9 -24 -4


CLUSTER 2
A D X Y 
0 0 0 0
193 1 -58 -14
193 8 -68 -16
198 25 -36 -12
202 12 -66 -28
203 8 -28 -12
215 19 -34 -24
219 12 -58 -48


CLUSTER 3
A D X Y 
0 0 0 0
219 24 -32 -26
222 5 -24 -22
222 9 -54 -50
223 12 -32 -30
225 19 -22 -22
226 12 -42 -44
253 4 -10 -34
259 7 -8 -42


CLUSTER 4
A D X Y 
0 0 0 0
293 25 24 -54
294 18 18 -40
296 12 24 -48
297 11 18 -34
303 20 26 -40


CLUSTER 5
A D X Y 
0 0 0 0
315 26 20 -20
333 3 20 -10


CLUSTER 6
A D X Y 
7 100 38 5


CLUSTER 7
A D X Y 
0 0 0 0
44 17 6 6
48 13 28 32
71 8 2 6
77 5 6 26
82 5 2 16
93 14 -2 32
100 13 -6 32


Distance for  Cluster 1

8
0 42.19 55.5698 16.1245 38.4708 53.8516 52.345 24.3311 
42.19 0 13.4164 26.0768 4.47214 14.1421 32.249 28.6356 
55.5698 13.4164 0 39.4462 17.2047 8.24621 34.2345 40 
16.1245 26.0768 39.4462 0 22.3607 37.9473 40.4969 15.6205 
38.4708 4.47214 17.2047 22.3607 0 16.1245 30 24.1661 
53.8516 14.1421 8.24621 37.9473 16.1245 0 26.0768 35.3836 
52.345 32.249 34.2345 40.4969 30 26.0768 0 28.0713 
24.3311 28.6356 40 15.6205 24.1661 35.3836 28.0713 0 


Distance for  Cluster 2

8
0 59.6657 69.857 37.9473 71.6938 30.4631 41.6173 75.2861 
59.6657 0 10.198 22.0907 16.1245 30.0666 26 34 
69.857 10.198 0 32.249 12.1655 40.1995 34.9285 33.5261 
37.9473 22.0907 32.249 0 34 8 12.1655 42.19 
71.6938 16.1245 12.1655 34 0 41.2311 32.249 21.5407 
30.4631 30.0666 40.1995 8 41.2311 0 13.4164 46.8615 
41.6173 26 34.9285 12.1655 32.249 13.4164 0 33.9411 
75.2861 34 33.5261 42.19 21.5407 46.8615 33.9411 0 


Distance for  Cluster 3

9
0 41.2311 32.5576 73.5935 43.8634 31.1127 60.8276 35.4401 42.7551 
41.2311 0 8.94427 32.5576 4 10.7703 20.5913 23.4094 28.8444 
32.5576 8.94427 0 41.0366 11.3137 2 28.4253 18.4391 25.6125 
73.5935 32.5576 41.0366 0 29.7321 42.5206 13.4164 46.8188 46.6905 
43.8634 4 11.3137 29.7321 0 12.8062 17.2047 22.3607 26.8328 
31.1127 10.7703 2 42.5206 12.8062 0 29.7321 16.9706 24.4131 
60.8276 20.5913 28.4253 13.4164 17.2047 29.7321 0 33.5261 34.0588 
35.4401 23.4094 18.4391 46.8188 22.3607 16.9706 33.5261 0 8.24621 
42.7551 28.8444 25.6125 46.6905 26.8328 24.4131 34.0588 8.24621 0 


Distance for  Cluster 4

6
0 59.0931 43.8634 53.6656 38.4708 47.7074 
59.0931 0 15.2315 6 20.8806 14.1421 
43.8634 15.2315 0 10 6 8 
53.6656 6 10 0 15.2315 8.24621 
38.4708 20.8806 6 15.2315 0 10 
47.7074 14.1421 8 8.24621 10 0 


Distance for  Cluster 5

3
0 28.2843 22.3607 
28.2843 0 10 
22.3607 10 0 


Distance for  Cluster 6

1
0 


Distance for  Cluster 7

8
0 8.48528 42.5206 6.32456 26.6833 16.1245 32.0624 32.5576 
8.48528 0 34.0588 4 20 10.7703 27.2029 28.6356 
42.5206 34.0588 0 36.7696 22.8035 30.5287 30 34 
6.32456 4 36.7696 0 20.3961 10 26.3059 27.2029 
26.6833 20 22.8035 20.3961 0 10.7703 10 13.4164 
16.1245 10.7703 30.5287 10 10.7703 0 16.4924 17.8885 
32.0624 27.2029 30 26.3059 10 16.4924 0 4 
32.5576 28.6356 34 27.2029 13.4164 17.8885 4 0 


