After sorting
A D X Y 
0 0 0 0
7 100 38 5
44 17 6 6
48 13 28 32
71 8 2 6
77 5 6 26
82 5 2 16
93 14 -2 32
100 13 -6 32
148 2 -36 22
149 13 -48 28
150 23 -14 8
152 19 -34 18
158 21 -50 20
186 13 -52 -6
189 9 -24 -4
193 1 -58 -14
193 8 -68 -16
198 25 -36 -12
202 12 -66 -28
203 8 -28 -12
215 19 -34 -24
219 12 -58 -48
219 24 -32 -26
222 5 -24 -22
222 9 -54 -50
223 12 -32 -30
225 19 -22 -22
226 12 -42 -44
253 4 -10 -34
259 7 -8 -42
293 25 24 -54
294 18 18 -40
296 12 24 -48
297 11 18 -34
303 20 26 -40
315 26 20 -20
333 3 20 -10


CLUSTER 1
A D X Y 
0 0 0 0
93 14 -2 32
100 13 -6 32
148 2 -36 22
149 13 -48 28
150 23 -14 8
152 19 -34 18


CLUSTER 2
A D X Y 
0 0 0 0
158 21 -50 20
186 13 -52 -6
189 9 -24 -4
193 1 -58 -14
193 8 -68 -16
198 25 -36 -12
202 12 -66 -28
203 8 -28 -12


CLUSTER 3
A D X Y 
0 0 0 0
215 19 -34 -24
219 12 -58 -48
219 24 -32 -26
222 5 -24 -22
222 9 -54 -50
223 12 -32 -30
225 19 -22 -22


CLUSTER 4
A D X Y 
0 0 0 0
226 12 -42 -44
253 4 -10 -34
259 7 -8 -42
293 25 24 -54
294 18 18 -40
296 12 24 -48
297 11 18 -34


CLUSTER 5
A D X Y 
0 0 0 0
303 20 26 -40
315 26 20 -20
333 3 20 -10


CLUSTER 6
A D X Y 
7 100 38 5


CLUSTER 7
A D X Y 
0 0 0 0
44 17 6 6
48 13 28 32
71 8 2 6
77 5 6 26
82 5 2 16


Distance for  Cluster 1

7
0 32.0624 32.5576 42.19 55.5698 16.1245 38.4708 
32.0624 0 4 35.4401 46.1736 26.8328 34.9285 
32.5576 4 0 31.6228 42.19 25.2982 31.305 
42.19 35.4401 31.6228 0 13.4164 26.0768 4.47214 
55.5698 46.1736 42.19 13.4164 0 39.4462 17.2047 
16.1245 26.8328 25.2982 26.0768 39.4462 0 22.3607 
38.4708 34.9285 31.305 4.47214 17.2047 22.3607 0 


Distance for  Cluster 2

9
0 53.8516 52.345 24.3311 59.6657 69.857 37.9473 71.6938 30.4631 
53.8516 0 26.0768 35.3836 34.9285 40.2492 34.9285 50.5964 38.833 
52.345 26.0768 0 28.0713 10 18.868 17.088 26.0768 24.7386 
24.3311 35.3836 28.0713 0 35.4401 45.607 14.4222 48.3735 8.94427 
59.6657 34.9285 10 35.4401 0 10.198 22.0907 16.1245 30.0666 
69.857 40.2492 18.868 45.607 10.198 0 32.249 12.1655 40.1995 
37.9473 34.9285 17.088 14.4222 22.0907 32.249 0 34 8 
71.6938 50.5964 26.0768 48.3735 16.1245 12.1655 34 0 41.2311 
30.4631 38.833 24.7386 8.94427 30.0666 40.1995 8 41.2311 0 


Distance for  Cluster 3

8
0 41.6173 75.2861 41.2311 32.5576 73.5935 43.8634 31.1127 
41.6173 0 33.9411 2.82843 10.198 32.8024 6.32456 12.1655 
75.2861 33.9411 0 34.0588 42.8019 4.47214 31.6228 44.4072 
41.2311 2.82843 34.0588 0 8.94427 32.5576 4 10.7703 
32.5576 10.198 42.8019 8.94427 0 41.0366 11.3137 2 
73.5935 32.8024 4.47214 32.5576 41.0366 0 29.7321 42.5206 
43.8634 6.32456 31.6228 4 11.3137 29.7321 0 12.8062 
31.1127 12.1655 44.4072 10.7703 2 42.5206 12.8062 0 


Distance for  Cluster 4

8
0 60.8276 35.4401 42.7551 59.0931 43.8634 53.6656 38.4708 
60.8276 0 33.5261 34.0588 66.7533 60.1332 66.1211 60.8276 
35.4401 33.5261 0 8.24621 39.4462 28.6356 36.7696 28 
42.7551 34.0588 8.24621 0 34.176 26.0768 32.5576 27.2029 
59.0931 66.7533 39.4462 34.176 0 15.2315 6 20.8806 
43.8634 60.1332 28.6356 26.0768 15.2315 0 10 6 
53.6656 66.1211 36.7696 32.5576 6 10 0 15.2315 
38.4708 60.8276 28 27.2029 20.8806 6 15.2315 0 


Distance for  Cluster 5

4
0 47.7074 28.2843 22.3607 
47.7074 0 20.8806 30.5941 
28.2843 20.8806 0 10 
22.3607 30.5941 10 0 


Distance for  Cluster 6

1
0 


Distance for  Cluster 7

6
0 8.48528 42.5206 6.32456 26.6833 16.1245 
8.48528 0 34.0588 4 20 10.7703 
42.5206 34.0588 0 36.7696 22.8035 30.5287 
6.32456 4 36.7696 0 20.3961 10 
26.6833 20 22.8035 20.3961 0 10.7703 
16.1245 10.7703 30.5287 10 10.7703 0 


