After sorting
A D X Y 
0 0 0 0
0 20 4 0
0 20 18 0
0 24 70 0
9 24 84 14
16 22 66 20
20 6 38 14
23 4 88 38
29 6 66 38
36 9 22 16
37 3 18 14
37 12 42 32
49 20 48 56
58 19 32 52
62 23 22 42
79 24 12 62
82 3 6 48
99 1 -6 36
123 3 -8 12
179 24 -2 0
236 5 -8 -12
259 10 -6 -34
302 7 10 -16
320 16 32 -26
326 3 36 -24
330 2 28 -16
334 5 34 -16
334 6 46 -22
336 21 18 -8
338 15 72 -28
339 26 58 -22
341 3 84 -28
341 6 66 -22
346 20 84 -20
347 13 64 -14
347 14 44 -10
348 16 60 -12
350 7 36 -6
352 13 16 -2


CLUSTER 1
A D X Y 
0 0 0 0
320 16 32 -26
326 3 36 -24
330 2 28 -16
334 5 34 -16
334 6 46 -22
336 21 18 -8
338 15 72 -28
339 26 58 -22
341 3 84 -28


CLUSTER 2
A D X Y 
0 0 0 0
341 6 66 -22
346 20 84 -20
347 13 64 -14
347 14 44 -10
348 16 60 -12
350 7 36 -6
352 13 16 -2


CLUSTER 3
A D X Y 
0 20 4 0
0 20 18 0
0 24 70 0
9 24 84 14


CLUSTER 4
A D X Y 
0 0 0 0
16 22 66 20
20 6 38 14
23 4 88 38
29 6 66 38
36 9 22 16
37 3 18 14
37 12 42 32
49 20 48 56


CLUSTER 5
A D X Y 
0 0 0 0
58 19 32 52
62 23 22 42
79 24 12 62
82 3 6 48
99 1 -6 36
123 3 -8 12
179 24 -2 0


CLUSTER 6
A D X Y 
0 0 0 0
236 5 -8 -12
259 10 -6 -34
302 7 10 -16


Distance for  Cluster 1

10
0 41.2311 43.2666 32.249 37.5766 50.9902 19.6977 77.2528 62.0322 88.5438 
41.2311 0 4.47214 10.7703 10.198 14.5602 22.8035 40.05 26.3059 52.0384 
43.2666 4.47214 0 11.3137 8.24621 10.198 24.0832 36.2215 22.0907 48.1664 
32.249 10.7703 11.3137 0 6 18.9737 12.8062 45.607 30.5941 57.2713 
37.5766 10.198 8.24621 6 0 13.4164 17.8885 39.8497 24.7386 51.4198 
50.9902 14.5602 10.198 18.9737 13.4164 0 31.305 26.6833 12 38.4708 
19.6977 22.8035 24.0832 12.8062 17.8885 31.305 0 57.5847 42.3792 68.9638 
77.2528 40.05 36.2215 45.607 39.8497 26.6833 57.5847 0 15.2315 12 
62.0322 26.3059 22.0907 30.5941 24.7386 12 42.3792 15.2315 0 26.6833 
88.5438 52.0384 48.1664 57.2713 51.4198 38.4708 68.9638 12 26.6833 0 


Distance for  Cluster 2

8
0 69.5701 86.3481 65.5134 45.1221 61.1882 36.4966 16.1245 
69.5701 0 18.1108 8.24621 25.0599 11.6619 34 53.8516 
86.3481 18.1108 0 20.8806 41.2311 25.2982 50 70.342 
65.5134 8.24621 20.8806 0 20.3961 4.47214 29.1204 49.4773 
45.1221 25.0599 41.2311 20.3961 0 16.1245 8.94427 29.1204 
61.1882 11.6619 25.2982 4.47214 16.1245 0 24.7386 45.1221 
36.4966 34 50 29.1204 8.94427 24.7386 0 20.3961 
16.1245 53.8516 70.342 49.4773 29.1204 45.1221 20.3961 0 


Distance for  Cluster 3

4
0 14 66 81.2158 
14 0 52 67.4685 
66 52 0 19.799 
81.2158 67.4685 19.799 0 


Distance for  Cluster 4

9
0 68.9638 40.4969 95.8541 76.1577 27.2029 22.8035 52.8015 73.7564 
68.9638 0 28.6356 28.4253 18 44.1814 48.3735 26.8328 40.2492 
40.4969 28.6356 0 55.4617 36.8782 16.1245 20 18.4391 43.1741 
95.8541 28.4253 55.4617 0 22 69.5701 74 46.3897 43.8634 
76.1577 18 36.8782 22 0 49.1935 53.6656 24.7386 25.4558 
27.2029 44.1814 16.1245 69.5701 49.1935 0 4.47214 25.6125 47.7074 
22.8035 48.3735 20 74 53.6656 4.47214 0 30 51.614 
52.8015 26.8328 18.4391 46.3897 24.7386 25.6125 30 0 24.7386 
73.7564 40.2492 43.1741 43.8634 25.4558 47.7074 51.614 24.7386 0 


Distance for  Cluster 5

8
0 61.0574 47.4131 63.1506 48.3735 36.4966 14.4222 2 
61.0574 0 14.1421 22.3607 26.3059 41.2311 56.5685 62.1289 
47.4131 14.1421 0 22.3607 17.088 28.6356 42.4264 48.3735 
63.1506 22.3607 22.3607 0 15.2315 31.6228 53.8516 63.561 
48.3735 26.3059 17.088 15.2315 0 16.9706 38.6264 48.6621 
36.4966 41.2311 28.6356 31.6228 16.9706 0 24.0832 36.2215 
14.4222 56.5685 42.4264 53.8516 38.6264 24.0832 0 13.4164 
2 62.1289 48.3735 63.561 48.6621 36.2215 13.4164 0 


Distance for  Cluster 6

4
0 14.4222 34.5254 18.868 
14.4222 0 22.0907 18.4391 
34.5254 22.0907 0 24.0832 
18.868 18.4391 24.0832 0 


