After sorting
A D X Y 
0 0 0 0
11 17 35 7
12 17 65 15
18 8 64 21
30 7 43 25
37 10 29 22
47 2 21 23
87 17 1 21
138 16 -30 27
156 14 -18 8
161 22 -24 8
196 19 -20 -6
209 12 -25 -14
214 17 -25 -17
224 21 -30 -29
232 22 -29 -38
242 11 -25 -48
246 11 -28 -64
247 2 -25 -60
248 13 -16 -40
250 5 -20 -57
250 23 -22 -62
260 6 -4 -24
264 24 -3 -30
271 21 1 -50
272 18 2 -42
275 15 5 -56
300 6 40 -68
304 22 25 -36
306 8 17 -23
306 21 15 -20
307 24 33 -43
309 8 22 -27
309 10 56 -68
315 11 67 -65
316 14 60 -56
318 5 65 -57
318 12 50 -44
320 8 54 -44
344 2 18 -5
344 20 44 -12
344 23 65 -18
350 20 66 -11
353 6 9 -1
355 3 59 -5


CLUSTER 1
A D X Y 
0 0 0 0
196 19 -20 -6
209 12 -25 -14
214 17 -25 -17
224 21 -30 -29
232 22 -29 -38


CLUSTER 2
A D X Y 
0 0 0 0
242 11 -25 -48
246 11 -28 -64
247 2 -25 -60
248 13 -16 -40
250 5 -20 -57
250 23 -22 -62
260 6 -4 -24
264 24 -3 -30


CLUSTER 3
A D X Y 
0 0 0 0
271 21 1 -50
272 18 2 -42
275 15 5 -56
300 6 40 -68
304 22 25 -36
306 8 17 -23


CLUSTER 4
A D X Y 
0 0 0 0
306 21 15 -20
307 24 33 -43
309 8 22 -27
309 10 56 -68
315 11 67 -65
316 14 60 -56
318 5 65 -57


CLUSTER 5
A D X Y 
0 0 0 0
318 12 50 -44
320 8 54 -44
344 2 18 -5
344 20 44 -12
344 23 65 -18
350 20 66 -11
353 6 9 -1
355 3 59 -5


CLUSTER 6
A D X Y 
11 17 35 7
12 17 65 15
18 8 64 21
30 7 43 25
37 10 29 22
47 2 21 23
87 17 1 21
138 16 -30 27


CLUSTER 7
A D X Y 
0 0 0 0
156 14 -18 8
161 22 -24 8


Distance for  Cluster 1

6
0 20.8806 28.6531 30.2324 41.7253 47.8017 
20.8806 0 9.43398 12.083 25.0799 33.2415 
28.6531 9.43398 0 3 15.8114 24.3311 
30.2324 12.083 3 0 13 21.3776 
41.7253 25.0799 15.8114 13 0 9.05539 
47.8017 33.2415 24.3311 21.3776 9.05539 0 


Distance for  Cluster 2

9
0 54.1202 69.857 65 43.0813 60.407 65.7875 24.3311 30.1496 
54.1202 0 16.2788 12 12.0416 10.2956 14.3178 31.8904 28.4253 
69.857 16.2788 0 5 26.8328 10.6301 6.32456 46.6476 42.2019 
65 12 5 0 21.9317 5.83095 3.60555 41.6773 37.2022 
43.0813 12.0416 26.8328 21.9317 0 17.4642 22.8035 20 16.4012 
60.407 10.2956 10.6301 5.83095 17.4642 0 5.38516 36.6742 31.9061 
65.7875 14.3178 6.32456 3.60555 22.8035 5.38516 0 42.0476 37.2156 
24.3311 31.8904 46.6476 41.6773 20 36.6742 42.0476 0 6.08276 
30.1496 28.4253 42.2019 37.2022 16.4012 31.9061 37.2156 6.08276 0 


Distance for  Cluster 3

7
0 50.01 42.0476 56.2228 78.8923 43.8292 28.6007 
50.01 0 8.06226 7.2111 42.9535 27.7849 31.3847 
42.0476 8.06226 0 14.3178 46.0435 23.7697 24.2074 
56.2228 7.2111 14.3178 0 37 28.2843 35.1141 
78.8923 42.9535 46.0435 37 0 35.3412 50.5371 
43.8292 27.7849 23.7697 28.2843 35.3412 0 15.2643 
28.6007 31.3847 24.2074 35.1141 50.5371 15.2643 0 


Distance for  Cluster 4

8
0 25 54.2033 34.8281 88.0909 93.3488 82.0731 86.4523 
25 0 29.2062 9.8995 63.1269 68.7677 57.6281 62.2013 
54.2033 29.2062 0 19.4165 33.9706 40.4969 29.9666 34.9285 
34.8281 9.8995 19.4165 0 53.2635 58.8982 47.8017 52.4309 
88.0909 63.1269 33.9706 53.2635 0 11.4018 12.6491 14.2127 
93.3488 68.7677 40.4969 58.8982 11.4018 0 11.4018 8.24621 
82.0731 57.6281 29.9666 47.8017 12.6491 11.4018 0 5.09902 
86.4523 62.2013 34.9285 52.4309 14.2127 8.24621 5.09902 0 


Distance for  Cluster 5

9
0 66.6033 69.6563 18.6815 45.607 67.4463 66.9104 9.05539 59.2115 
66.6033 0 4 50.448 32.5576 30.0167 36.6742 59.4138 40.025 
69.6563 4 0 53.0754 33.5261 28.2312 35.1141 62.2415 39.3192 
18.6815 50.448 53.0754 0 26.9258 48.7647 48.3735 9.84886 41 
45.607 32.5576 33.5261 26.9258 0 21.8403 22.0227 36.6879 16.5529 
67.4463 30.0167 28.2312 48.7647 21.8403 0 7.07107 58.5235 14.3178 
66.9104 36.6742 35.1141 48.3735 22.0227 7.07107 0 57.8705 9.21954 
9.05539 59.4138 62.2415 9.84886 36.6879 58.5235 57.8705 0 50.1597 
59.2115 40.025 39.3192 41 16.5529 14.3178 9.21954 50.1597 0 


Distance for  Cluster 6

8
0 31.0483 32.2025 19.6977 16.1555 21.2603 36.7696 68.0074 
31.0483 0 6.08276 24.1661 36.6742 44.7214 64.2806 95.7549 
32.2025 6.08276 0 21.3776 35.0143 43.0465 63 94.1913 
19.6977 24.1661 21.3776 0 14.3178 22.0907 42.19 73.0274 
16.1555 36.6742 35.0143 14.3178 0 8.06226 28.0179 59.2115 
21.2603 44.7214 43.0465 22.0907 8.06226 0 20.0998 51.1566 
36.7696 64.2806 63 42.19 28.0179 20.0998 0 31.5753 
68.0074 95.7549 94.1913 73.0274 59.2115 51.1566 31.5753 0 


Distance for  Cluster 7

3
0 19.6977 25.2982 
19.6977 0 6 
25.2982 6 0 


