After sorting
A D X Y 
0 0 0 0
179 18 -22 0
215 12 -48 -34
216 1 -16 -12
221 6 -32 -28
227 23 -22 -24
228 16 -46 -52
233 21 -54 -74
235 14 -44 -64
237 16 -14 -22
241 17 -12 -22
242 6 -44 -86
247 22 -22 -54
247 24 -26 -64
248 3 -12 -30
248 20 -32 -80
252 22 -28 -90
254 25 -20 -72
256 12 -20 -86
257 9 -4 -18
257 19 -4 -18
259 8 -12 -62
260 19 -16 -94
260 20 -16 -94
265 12 -6 -76
271 20 2 -90
271 26 2 -74
276 13 4 -38
280 20 12 -64
283 15 22 -92
284 14 6 -24
289 21 24 -68
290 14 34 -92
291 1 14 -36
291 11 28 -72
292 8 28 -66
295 17 32 -66
296 24 28 -56
297 2 20 -38
302 7 14 -22
315 8 28 -28
315 20 18 -18
316 13 32 -30
322 5 26 -20
342 10 32 -10


CLUSTER 1
A D X Y 
0 0 0 0
271 20 2 -90
271 26 2 -74
276 13 4 -38
280 20 12 -64
283 15 22 -92


CLUSTER 2
A D X Y 
0 0 0 0
284 14 6 -24
289 21 24 -68
290 14 34 -92
291 1 14 -36
291 11 28 -72
292 8 28 -66
295 17 32 -66


CLUSTER 3
A D X Y 
0 0 0 0
296 24 28 -56
297 2 20 -38
302 7 14 -22
315 8 28 -28
315 20 18 -18
316 13 32 -30
322 5 26 -20
342 10 32 -10


CLUSTER 4
A D X Y 
179 18 -22 0
215 12 -48 -34
216 1 -16 -12
221 6 -32 -28
227 23 -22 -24
228 16 -46 -52
233 21 -54 -74


CLUSTER 5
A D X Y 
0 0 0 0
235 14 -44 -64
237 16 -14 -22
241 17 -12 -22
242 6 -44 -86
247 22 -22 -54
247 24 -26 -64


CLUSTER 6
A D X Y 
0 0 0 0
248 3 -12 -30
248 20 -32 -80
252 22 -28 -90
254 25 -20 -72
256 12 -20 -86
257 9 -4 -18


CLUSTER 7
A D X Y 
0 0 0 0
257 19 -4 -18
259 8 -12 -62
260 19 -16 -94
260 20 -16 -94
265 12 -6 -76


Distance for  Cluster 1

6
0 90.0222 74.027 38.2099 65.1153 94.5939 
90.0222 0 16 52.0384 27.8568 20.0998 
74.027 16 0 36.0555 14.1421 26.9072 
38.2099 52.0384 36.0555 0 27.2029 56.921 
65.1153 27.8568 14.1421 27.2029 0 29.7321 
94.5939 20.0998 26.9072 56.921 29.7321 0 


Distance for  Cluster 2

8
0 24.7386 72.111 98.0816 38.6264 77.2528 71.6938 73.3485 
24.7386 0 47.5395 73.5391 14.4222 52.8015 47.4131 49.3964 
72.111 47.5395 0 26 33.5261 5.65685 4.47214 8.24621 
98.0816 73.5391 26 0 59.4643 20.8806 26.6833 26.0768 
38.6264 14.4222 33.5261 59.4643 0 38.6264 33.1059 34.9857 
77.2528 52.8015 5.65685 20.8806 38.6264 0 6 7.2111 
71.6938 47.4131 4.47214 26.6833 33.1059 6 0 4 
73.3485 49.3964 8.24621 26.0768 34.9857 7.2111 4 0 


Distance for  Cluster 3

9
0 62.6099 42.9418 26.0768 39.598 25.4558 43.8634 32.8024 33.5261 
62.6099 0 19.6977 36.7696 28 39.2938 26.3059 36.0555 46.1736 
42.9418 19.6977 0 17.088 12.8062 20.0998 14.4222 18.9737 30.4631 
26.0768 36.7696 17.088 0 15.2315 5.65685 19.6977 12.1655 21.6333 
39.598 28 12.8062 15.2315 0 14.1421 4.47214 8.24621 18.4391 
25.4558 39.2938 20.0998 5.65685 14.1421 0 18.4391 8.24621 16.1245 
43.8634 26.3059 14.4222 19.6977 4.47214 18.4391 0 11.6619 20 
32.8024 36.0555 18.9737 12.1655 8.24621 8.24621 11.6619 0 11.6619 
33.5261 46.1736 30.4631 21.6333 18.4391 16.1245 20 11.6619 0 


Distance for  Cluster 4

7
0 42.8019 13.4164 29.7321 24 57.2713 80.6226 
42.8019 0 38.833 17.088 27.8568 18.1108 40.4475 
13.4164 38.833 0 22.6274 13.4164 50 72.7186 
29.7321 17.088 22.6274 0 10.7703 27.7849 50.9902 
24 27.8568 13.4164 10.7703 0 36.8782 59.3633 
57.2713 18.1108 50 27.7849 36.8782 0 23.4094 
80.6226 40.4475 72.7186 50.9902 59.3633 23.4094 0 


Distance for  Cluster 5

7
0 77.666 26.0768 25.0599 96.6023 58.3095 69.0797 
77.666 0 51.614 52.8015 22 24.1661 18 
26.0768 51.614 0 2 70.6824 32.9848 43.6807 
25.0599 52.8015 2 0 71.5542 33.5261 44.2719 
96.6023 22 70.6824 71.5542 0 38.833 28.4253 
58.3095 24.1661 32.9848 33.5261 38.833 0 10.7703 
69.0797 18 43.6807 44.2719 28.4253 10.7703 0 


Distance for  Cluster 6

7
0 32.311 86.1626 94.255 74.7262 88.295 18.4391 
32.311 0 53.8516 62.0967 42.7551 56.5685 14.4222 
86.1626 53.8516 0 10.7703 14.4222 13.4164 68.0294 
94.255 62.0967 10.7703 0 19.6977 8.94427 75.8947 
74.7262 42.7551 14.4222 19.6977 0 14 56.3205 
88.295 56.5685 13.4164 8.94427 14 0 69.857 
18.4391 14.4222 68.0294 75.8947 56.3205 69.857 0 


Distance for  Cluster 7

6
0 18.4391 63.1506 95.352 95.352 76.2365 
18.4391 0 44.7214 76.9415 76.9415 58.0345 
63.1506 44.7214 0 32.249 32.249 15.2315 
95.352 76.9415 32.249 0 0 20.5913 
95.352 76.9415 32.249 0 0 20.5913 
76.2365 58.0345 15.2315 20.5913 20.5913 0 


