After sorting
A D X Y 
0 0 0 0
15 2 22 6
75 10 2 8
94 19 -2 26
120 9 -24 40
134 4 -14 14
138 20 -48 42
142 6 -42 32
144 13 -54 38
150 6 -46 26
151 7 -66 36
154 13 -72 34
155 10 -58 26
163 12 -68 20
169 12 -34 6
169 23 -52 10
182 3 -48 -2
182 7 -40 -2
183 13 -66 -4
183 19 -68 -4
186 7 -38 -4
189 22 -58 -10
203 18 -64 -28
206 24 -48 -24
216 9 -72 -54
221 3 -16 -14
222 17 -28 -26
222 20 -54 -50
225 21 -52 -52
226 20 -32 -34
227 15 -38 -42
228 2 -16 -18
229 22 -26 -30
231 1 -24 -30
236 12 -16 -24
261 23 -8 -54
272 26 2 -54
277 1 2 -16
281 20 6 -30
284 15 8 -32
308 24 16 -20
309 10 20 -24
315 12 12 -12
318 20 16 -14
330 13 18 -10
341 18 6 -2


CLUSTER 1
A D X Y 
0 0 0 0
138 20 -48 42
142 6 -42 32
144 13 -54 38
150 6 -46 26
151 7 -66 36
154 13 -72 34
155 10 -58 26
163 12 -68 20
169 12 -34 6


CLUSTER 2
A D X Y 
0 0 0 0
169 23 -52 10
182 3 -48 -2
182 7 -40 -2
183 13 -66 -4
183 19 -68 -4
186 7 -38 -4
189 22 -58 -10


CLUSTER 3
A D X Y 
0 0 0 0
203 18 -64 -28
206 24 -48 -24
216 9 -72 -54
221 3 -16 -14
222 17 -28 -26
222 20 -54 -50


CLUSTER 4
A D X Y 
0 0 0 0
225 21 -52 -52
226 20 -32 -34
227 15 -38 -42
228 2 -16 -18
229 22 -26 -30
231 1 -24 -30
236 12 -16 -24


CLUSTER 5
A D X Y 
0 0 0 0
261 23 -8 -54
272 26 2 -54
277 1 2 -16
281 20 6 -30
284 15 8 -32


CLUSTER 6
A D X Y 
0 0 0 0
308 24 16 -20
309 10 20 -24
315 12 12 -12
318 20 16 -14
330 13 18 -10
341 18 6 -2
15 2 22 6


CLUSTER 7
A D X Y 
0 0 0 0
75 10 2 8
94 19 -2 26
120 9 -24 40
134 4 -14 14


Distance for  Cluster 1

10
0 63.7809 52.8015 66.0303 52.8394 75.1798 79.6241 63.561 70.8802 34.5254 
63.7809 0 11.6619 7.2111 16.1245 18.9737 25.2982 18.868 29.7321 38.6264 
52.8015 11.6619 0 13.4164 7.2111 24.3311 30.0666 17.088 28.6356 27.2029 
66.0303 7.2111 13.4164 0 14.4222 12.1655 18.4391 12.6491 22.8035 37.7359 
52.8394 16.1245 7.2111 14.4222 0 22.3607 27.2029 12 22.8035 23.3238 
75.1798 18.9737 24.3311 12.1655 22.3607 0 6.32456 12.8062 16.1245 43.8634 
79.6241 25.2982 30.0666 18.4391 27.2029 6.32456 0 16.1245 14.5602 47.2017 
63.561 18.868 17.088 12.6491 12 12.8062 16.1245 0 11.6619 31.241 
70.8802 29.7321 28.6356 22.8035 22.8035 16.1245 14.5602 11.6619 0 36.7696 
34.5254 38.6264 27.2029 37.7359 23.3238 43.8634 47.2017 31.241 36.7696 0 


Distance for  Cluster 2

8
0 52.9528 48.0416 40.05 66.1211 68.1175 38.2099 58.8558 
52.9528 0 12.6491 16.9706 19.799 21.2603 19.799 20.8806 
48.0416 12.6491 0 8 18.1108 20.0998 10.198 12.8062 
40.05 16.9706 8 0 26.0768 28.0713 2.82843 19.6977 
66.1211 19.799 18.1108 26.0768 0 2 28 10 
68.1175 21.2603 20.0998 28.0713 2 0 30 11.6619 
38.2099 19.799 10.198 2.82843 28 30 0 20.8806 
58.8558 20.8806 12.8062 19.6977 10 11.6619 20.8806 0 


Distance for  Cluster 3

7
0 69.857 53.6656 90 21.2603 38.2099 73.5935 
69.857 0 16.4924 27.2029 50 36.0555 24.1661 
53.6656 16.4924 0 38.4187 33.5261 20.0998 26.6833 
90 27.2029 38.4187 0 68.8186 52.1536 18.4391 
21.2603 50 33.5261 68.8186 0 16.9706 52.345 
38.2099 36.0555 20.0998 52.1536 16.9706 0 35.3836 
73.5935 24.1661 26.6833 18.4391 52.345 35.3836 0 


Distance for  Cluster 4

8
0 73.5391 46.6905 56.6392 24.0832 39.6989 38.4187 28.8444 
73.5391 0 26.9072 17.2047 49.5177 34.0588 35.609 45.607 
46.6905 26.9072 0 10 22.6274 7.2111 8.94427 18.868 
56.6392 17.2047 10 0 32.5576 16.9706 18.4391 28.4253 
24.0832 49.5177 22.6274 32.5576 0 15.6205 14.4222 6 
39.6989 34.0588 7.2111 16.9706 15.6205 0 2 11.6619 
38.4187 35.609 8.94427 18.4391 14.4222 2 0 10 
28.8444 45.607 18.868 28.4253 6 11.6619 10 0 


Distance for  Cluster 5

6
0 54.5894 54.037 16.1245 30.5941 32.9848 
54.5894 0 10 39.2938 27.7849 27.2029 
54.037 10 0 38 24.3311 22.8035 
16.1245 39.2938 38 0 14.5602 17.088 
30.5941 27.7849 24.3311 14.5602 0 2.82843 
32.9848 27.2029 22.8035 17.088 2.82843 0 


Distance for  Cluster 6

8
0 25.6125 31.241 16.9706 21.2603 20.5913 6.32456 22.8035 
25.6125 0 5.65685 8.94427 6 10.198 20.5913 26.6833 
31.241 5.65685 0 14.4222 10.7703 14.1421 26.0768 30.0666 
16.9706 8.94427 14.4222 0 4.47214 6.32456 11.6619 20.5913 
21.2603 6 10.7703 4.47214 0 4.47214 15.6205 20.8806 
20.5913 10.198 14.1421 6.32456 4.47214 0 14.4222 16.4924 
6.32456 20.5913 26.0768 11.6619 15.6205 14.4222 0 17.8885 
22.8035 26.6833 30.0666 20.5913 20.8806 16.4924 17.8885 0 


Distance for  Cluster 7

5
0 8.24621 26.0768 46.6476 19.799 
8.24621 0 18.4391 41.2311 17.088 
26.0768 18.4391 0 26.0768 16.9706 
46.6476 41.2311 26.0768 0 27.8568 
19.799 17.088 16.9706 27.8568 0 


