After sorting
A D X Y 
0 0 0 0
15 2 22 6
75 10 2 8
94 19 -2 26
120 9 -24 40
134 4 -14 14
138 20 -48 42
142 6 -42 32
144 13 -54 38
150 6 -46 26
151 7 -66 36
154 13 -72 34
155 10 -58 26
163 12 -68 20
169 12 -34 6
169 23 -52 10
182 3 -48 -2
182 7 -40 -2
183 13 -66 -4
183 19 -68 -4
186 7 -38 -4
189 22 -58 -10
203 18 -64 -28
206 24 -48 -24
216 9 -72 -54
221 3 -16 -14
222 17 -28 -26
222 20 -54 -50
225 21 -52 -52
226 20 -32 -34
227 15 -38 -42
228 2 -16 -18
229 22 -26 -30
231 1 -24 -30
236 12 -16 -24
261 23 -8 -54
272 26 2 -54
277 1 2 -16
281 20 6 -30
284 15 8 -32
308 24 16 -20
309 10 20 -24
315 12 12 -12
318 20 16 -14
330 13 18 -10
341 18 6 -2


CLUSTER 1
A D X Y 
0 0 0 0
315 12 12 -12
318 20 16 -14
330 13 18 -10
341 18 6 -2
15 2 22 6
75 10 2 8
94 19 -2 26


CLUSTER 2
A D X Y 
0 0 0 0
120 9 -24 40
134 4 -14 14
138 20 -48 42
142 6 -42 32
144 13 -54 38
150 6 -46 26
151 7 -66 36
154 13 -72 34
155 10 -58 26
163 12 -68 20


CLUSTER 3
A D X Y 
0 0 0 0
169 12 -34 6
169 23 -52 10
182 3 -48 -2
182 7 -40 -2
183 13 -66 -4
183 19 -68 -4
186 7 -38 -4


CLUSTER 4
A D X Y 
0 0 0 0
189 22 -58 -10
203 18 -64 -28
206 24 -48 -24
216 9 -72 -54
221 3 -16 -14
222 17 -28 -26


CLUSTER 5
A D X Y 
0 0 0 0
222 20 -54 -50
225 21 -52 -52
226 20 -32 -34
227 15 -38 -42
228 2 -16 -18
229 22 -26 -30


CLUSTER 6
A D X Y 
0 0 0 0
231 1 -24 -30
236 12 -16 -24
261 23 -8 -54
272 26 2 -54
277 1 2 -16
281 20 6 -30
284 15 8 -32


CLUSTER 7
A D X Y 
0 0 0 0
308 24 16 -20
309 10 20 -24


Distance for  Cluster 1

8
0 16.9706 21.2603 20.5913 6.32456 22.8035 8.24621 26.0768 
16.9706 0 4.47214 6.32456 11.6619 20.5913 22.3607 40.4969 
21.2603 4.47214 0 4.47214 15.6205 20.8806 26.0768 43.8634 
20.5913 6.32456 4.47214 0 14.4222 16.4924 24.0832 41.1825 
6.32456 11.6619 15.6205 14.4222 0 17.8885 10.7703 29.1204 
22.8035 20.5913 20.8806 16.4924 17.8885 0 20.0998 31.241 
8.24621 22.3607 26.0768 24.0832 10.7703 20.0998 0 18.4391 
26.0768 40.4969 43.8634 41.1825 29.1204 31.241 18.4391 0 


Distance for  Cluster 2

11
0 46.6476 19.799 63.7809 52.8015 66.0303 52.8394 75.1798 79.6241 63.561 70.8802 
46.6476 0 27.8568 24.0832 19.6977 30.0666 26.0768 42.19 48.3735 36.7696 48.3322 
19.799 27.8568 0 44.0454 33.2866 46.6476 34.176 56.4624 61.3514 45.607 54.3323 
63.7809 24.0832 44.0454 0 11.6619 7.2111 16.1245 18.9737 25.2982 18.868 29.7321 
52.8015 19.6977 33.2866 11.6619 0 13.4164 7.2111 24.3311 30.0666 17.088 28.6356 
66.0303 30.0666 46.6476 7.2111 13.4164 0 14.4222 12.1655 18.4391 12.6491 22.8035 
52.8394 26.0768 34.176 16.1245 7.2111 14.4222 0 22.3607 27.2029 12 22.8035 
75.1798 42.19 56.4624 18.9737 24.3311 12.1655 22.3607 0 6.32456 12.8062 16.1245 
79.6241 48.3735 61.3514 25.2982 30.0666 18.4391 27.2029 6.32456 0 16.1245 14.5602 
63.561 36.7696 45.607 18.868 17.088 12.6491 12 12.8062 16.1245 0 11.6619 
70.8802 48.3322 54.3323 29.7321 28.6356 22.8035 22.8035 16.1245 14.5602 11.6619 0 


Distance for  Cluster 3

8
0 34.5254 52.9528 48.0416 40.05 66.1211 68.1175 38.2099 
34.5254 0 18.4391 16.1245 10 33.5261 35.4401 10.7703 
52.9528 18.4391 0 12.6491 16.9706 19.799 21.2603 19.799 
48.0416 16.1245 12.6491 0 8 18.1108 20.0998 10.198 
40.05 10 16.9706 8 0 26.0768 28.0713 2.82843 
66.1211 33.5261 19.799 18.1108 26.0768 0 2 28 
68.1175 35.4401 21.2603 20.0998 28.0713 2 0 30 
38.2099 10.7703 19.799 10.198 2.82843 28 30 0 


Distance for  Cluster 4

7
0 58.8558 69.857 53.6656 90 21.2603 38.2099 
58.8558 0 18.9737 17.2047 46.1736 42.19 34 
69.857 18.9737 0 16.4924 27.2029 50 36.0555 
53.6656 17.2047 16.4924 0 38.4187 33.5261 20.0998 
90 46.1736 27.2029 38.4187 0 68.8186 52.1536 
21.2603 42.19 50 33.5261 68.8186 0 16.9706 
38.2099 34 36.0555 20.0998 52.1536 16.9706 0 


Distance for  Cluster 5

7
0 73.5935 73.5391 46.6905 56.6392 24.0832 39.6989 
73.5935 0 2.82843 27.2029 17.8885 49.679 34.4093 
73.5391 2.82843 0 26.9072 17.2047 49.5177 34.0588 
46.6905 27.2029 26.9072 0 10 22.6274 7.2111 
56.6392 17.8885 17.2047 10 0 32.5576 16.9706 
24.0832 49.679 49.5177 22.6274 32.5576 0 15.6205 
39.6989 34.4093 34.0588 7.2111 16.9706 15.6205 0 


Distance for  Cluster 6

8
0 38.4187 28.8444 54.5894 54.037 16.1245 30.5941 32.9848 
38.4187 0 10 28.8444 35.3836 29.5296 30 32.0624 
28.8444 10 0 31.0483 34.9857 19.6977 22.8035 25.2982 
54.5894 28.8444 31.0483 0 10 39.2938 27.7849 27.2029 
54.037 35.3836 34.9857 10 0 38 24.3311 22.8035 
16.1245 29.5296 19.6977 39.2938 38 0 14.5602 17.088 
30.5941 30 22.8035 27.7849 24.3311 14.5602 0 2.82843 
32.9848 32.0624 25.2982 27.2029 22.8035 17.088 2.82843 0 


Distance for  Cluster 7

3
0 25.6125 31.241 
25.6125 0 5.65685 
31.241 5.65685 0 


