9
0 17.088 10.7703 19.2354 29.5296 45.4533 39.6989 39.0512 17.8045 
17.088 0 6.32456 3.16228 12.8062 29.8329 26 25.632 9.43398 
10.7703 6.32456 0 8.60233 18.868 35.3553 30.5287 30.0167 10.0499 
19.2354 3.16228 8.60233 0 10.2956 26.9072 22.8473 22.4722 7.81025 
29.5296 12.8062 18.868 10.2956 0 17.4929 16 16.0312 15 
45.4533 29.8329 35.3553 26.9072 17.4929 0 9.05539 10.0499 28.3019 
39.6989 26 30.5287 22.8473 16 9.05539 0 1 21.9317 
39.0512 25.632 30.0167 22.4722 16.0312 10.0499 1 0 21.2603 
17.8045 9.43398 10.0499 7.81025 15 28.3019 21.9317 21.2603 0 
