After sorting
A D X Y 
0 0 0 0
20 15 16 6
21 14 10 4
27 13 17 9
28 24 26 14
39 5 35 29
49 10 26 30
50 9 25 30
51 5 11 14
61 14 16 29
89 18 0 24
116 13 -10 20
195 23 -14 -4
209 3 -35 -20
231 23 -35 -44
232 8 -19 -25
237 10 -35 -54
242 19 -34 -65
247 2 -25 -60
254 13 -10 -35
260 8 -10 -60
265 9 -3 -41
266 23 -4 -61
267 14 -3 -61
270 20 0 -61
276 20 6 -55
295 24 31 -65
306 18 12 -16
308 18 40 -51
309 19 5 -6
320 10 30 -25
320 14 35 -29
358 8 40 -1


CLUSTER 1
A D X Y 
0 0 0 0
49 10 26 30
50 9 25 30
51 5 11 14
61 14 16 29
89 18 0 24
116 13 -10 20
195 23 -14 -4
209 3 -35 -20


CLUSTER 2
A D X Y 
0 0 0 0
231 23 -35 -44
232 8 -19 -25
237 10 -35 -54
242 19 -34 -65
247 2 -25 -60
254 13 -10 -35
260 8 -10 -60
265 9 -3 -41


CLUSTER 3
A D X Y 
0 0 0 0
266 23 -4 -61
267 14 -3 -61
270 20 0 -61
276 20 6 -55


CLUSTER 4
A D X Y 
0 0 0 0
295 24 31 -65
306 18 12 -16
308 18 40 -51
309 19 5 -6
320 10 30 -25


CLUSTER 5
A D X Y 
0 0 0 0
320 14 35 -29
358 8 40 -1
20 15 16 6
21 14 10 4
27 13 17 9
28 24 26 14
39 5 35 29


Distance for  Cluster 1

9
0 39.6989 39.0512 17.8045 33.121 24 22.3607 14.5602 40.3113 
39.6989 0 1 21.9317 10.0499 26.6833 37.3631 52.4976 78.8733 
39.0512 1 0 21.2603 9.05539 25.7099 36.4006 51.7397 78.1025 
17.8045 21.9317 21.2603 0 15.8114 14.8661 21.8403 30.8058 57.2014 
33.121 10.0499 9.05539 15.8114 0 16.7631 27.5136 44.5982 70.7248 
24 26.6833 25.7099 14.8661 16.7631 0 10.7703 31.305 56.2228 
22.3607 37.3631 36.4006 21.8403 27.5136 10.7703 0 24.3311 47.1699 
14.5602 52.4976 51.7397 30.8058 44.5982 31.305 24.3311 0 26.4008 
40.3113 78.8733 78.1025 57.2014 70.7248 56.2228 47.1699 26.4008 0 


Distance for  Cluster 2

9
0 56.2228 31.4006 64.3506 73.3553 65 36.4006 60.8276 41.1096 
56.2228 0 24.8395 10 21.0238 18.868 26.5707 29.6816 32.1403 
31.4006 24.8395 0 33.121 42.72 35.5106 13.4536 36.1386 22.6274 
64.3506 10 33.121 0 11.0454 11.6619 31.4006 25.7099 34.5398 
73.3553 21.0238 42.72 11.0454 0 10.2956 38.4187 24.5153 39.2046 
65 18.868 35.5106 11.6619 10.2956 0 29.1548 15 29.0689 
36.4006 26.5707 13.4536 31.4006 38.4187 29.1548 0 25 9.21954 
60.8276 29.6816 36.1386 25.7099 24.5153 15 25 0 20.2485 
41.1096 32.1403 22.6274 34.5398 39.2046 29.0689 9.21954 20.2485 0 


Distance for  Cluster 3

5
0 61.131 61.0737 61 55.3263 
61.131 0 1 4 11.6619 
61.0737 1 0 3 10.8167 
61 4 3 0 8.48528 
55.3263 11.6619 10.8167 8.48528 0 


Distance for  Cluster 4

6
0 72.0139 20 64.8151 7.81025 39.0512 
72.0139 0 52.5547 16.6433 64.4748 40.0125 
20 52.5547 0 44.8219 12.2066 20.1246 
64.8151 16.6433 44.8219 0 57.0088 27.8568 
7.81025 64.4748 12.2066 57.0088 0 31.4006 
39.0512 40.0125 20.1246 27.8568 31.4006 0 


Distance for  Cluster 5

8
0 45.4533 40.0125 17.088 10.7703 19.2354 29.5296 45.4533 
45.4533 0 28.4429 39.8246 41.4005 42.0476 43.9318 58 
40.0125 28.4429 0 25 30.4138 25.0799 20.5183 30.4138 
17.088 39.8246 25 0 6.32456 3.16228 12.8062 29.8329 
10.7703 41.4005 30.4138 6.32456 0 8.60233 18.868 35.3553 
19.2354 42.0476 25.0799 3.16228 8.60233 0 10.2956 26.9072 
29.5296 43.9318 20.5183 12.8062 18.868 10.2956 0 17.4929 
45.4533 58 30.4138 29.8329 35.3553 26.9072 17.4929 0 


