After sorting
A D X Y 
0 0 0 0
55 15 18 26
70 19 14 40
71 20 14 42
92 3 -2 52
95 24 -6 60
96 23 -6 52
101 12 -8 38
108 13 -10 30
109 25 -16 46
110 7 -22 58
115 5 -18 38
116 24 -18 36
119 7 -18 32
129 16 -44 54
131 15 -46 52
139 23 -50 42
140 4 -54 44
144 15 -54 38
145 5 -26 18
146 14 -30 20
164 15 -72 20
174 16 -42 4
203 24 -70 -30
204 5 -62 -28
204 13 -52 -24
207 3 -34 -18
210 9 -24 -14
213 13 -46 -30
216 24 -38 -28
240 1 -18 -32
260 13 -2 -12
315 15 24 -24
339 20 16 -6


CLUSTER 1
A D X Y 
0 0 0 0
315 15 24 -24
339 20 16 -6
55 15 18 26
70 19 14 40
71 20 14 42
92 3 -2 52


CLUSTER 2
A D X Y 
0 0 0 0
95 24 -6 60
96 23 -6 52
101 12 -8 38
108 13 -10 30
109 25 -16 46


CLUSTER 3
A D X Y 
0 0 0 0
110 7 -22 58
115 5 -18 38
116 24 -18 36
119 7 -18 32
129 16 -44 54
131 15 -46 52
139 23 -50 42


CLUSTER 4
A D X Y 
0 0 0 0
140 4 -54 44
144 15 -54 38
145 5 -26 18
146 14 -30 20
164 15 -72 20
174 16 -42 4
203 24 -70 -30
204 5 -62 -28


CLUSTER 5
A D X Y 
0 0 0 0
204 13 -52 -24
207 3 -34 -18
210 9 -24 -14
213 13 -46 -30
216 24 -38 -28
240 1 -18 -32
260 13 -2 -12


Distance for  Cluster 1

7
0 33.9411 17.088 31.6228 42.3792 44.2719 52.0384 
33.9411 0 19.6977 50.3587 64.7765 66.7533 80.3243 
17.088 19.6977 0 32.0624 46.0435 48.0416 60.7289 
31.6228 50.3587 32.0624 0 14.5602 16.4924 32.8024 
42.3792 64.7765 46.0435 14.5602 0 2 20 
44.2719 66.7533 48.0416 16.4924 2 0 18.868 
52.0384 80.3243 60.7289 32.8024 20 18.868 0 


Distance for  Cluster 2

6
0 60.2993 52.345 38.833 31.6228 48.7032 
60.2993 0 8 22.0907 30.2655 17.2047 
52.345 8 0 14.1421 22.3607 11.6619 
38.833 22.0907 14.1421 0 8.24621 11.3137 
31.6228 30.2655 22.3607 8.24621 0 17.088 
48.7032 17.2047 11.6619 11.3137 17.088 0 


Distance for  Cluster 3

8
0 62.0322 42.0476 40.2492 36.7151 69.6563 69.4262 65.2993 
62.0322 0 20.3961 22.3607 26.3059 22.3607 24.7386 32.249 
42.0476 20.3961 0 2 6 30.5287 31.305 32.249 
40.2492 22.3607 2 0 4 31.6228 32.249 32.5576 
36.7151 26.3059 6 4 0 34.0588 34.4093 33.5261 
69.6563 22.3607 30.5287 31.6228 34.0588 0 2.82843 13.4164 
69.4262 24.7386 31.305 32.249 34.4093 2.82843 0 10.7703 
65.2993 32.249 32.249 32.5576 33.5261 13.4164 10.7703 0 


Distance for  Cluster 4

9
0 69.6563 66.0303 31.6228 36.0555 74.7262 42.19 76.1577 68.0294 
69.6563 0 6 38.2099 33.9411 30 41.7612 75.71 72.4431 
66.0303 6 0 34.4093 30 25.4558 36.0555 69.857 66.4831 
31.6228 38.2099 34.4093 0 4.47214 46.0435 21.2603 65.1153 58.4123 
36.0555 33.9411 30 4.47214 0 42 20 64.0312 57.6888 
74.7262 30 25.4558 46.0435 42 0 34 50.04 49.0306 
42.19 41.7612 36.0555 21.2603 20 34 0 44.0454 37.7359 
76.1577 75.71 69.857 65.1153 64.0312 50.04 44.0454 0 8.24621 
68.0294 72.4431 66.4831 58.4123 57.6888 49.0306 37.7359 8.24621 0 


Distance for  Cluster 5

8
0 57.2713 38.4708 27.7849 54.9181 47.2017 36.7151 12.1655 
57.2713 0 18.9737 29.7321 8.48528 14.5602 34.9285 51.4198 
38.4708 18.9737 0 10.7703 16.9706 10.7703 21.2603 32.5576 
27.7849 29.7321 10.7703 0 27.2029 19.799 18.9737 22.0907 
54.9181 8.48528 16.9706 27.2029 0 8.24621 28.0713 47.5395 
47.2017 14.5602 10.7703 19.799 8.24621 0 20.3961 39.3954 
36.7151 34.9285 21.2603 18.9737 28.0713 20.3961 0 25.6125 
12.1655 51.4198 32.5576 22.0907 47.5395 39.3954 25.6125 0 


