After sorting
A D X Y 
0 0 0 0
7 100 38 5
44 17 6 6
48 13 28 32
71 8 2 6
77 5 6 26
82 5 2 16
93 14 -2 32
100 13 -6 32
148 2 -36 22
149 13 -48 28
150 23 -14 8
152 19 -34 18
158 21 -50 20
186 13 -52 -6
189 9 -24 -4
193 1 -58 -14
193 8 -68 -16
198 25 -36 -12
202 12 -66 -28
203 8 -28 -12
215 19 -34 -24
219 12 -58 -48
219 24 -32 -26
222 5 -24 -22
222 9 -54 -50
223 12 -32 -30
225 19 -22 -22
226 12 -42 -44
253 4 -10 -34
259 7 -8 -42
293 25 24 -54
294 18 18 -40
296 12 24 -48
297 11 18 -34
303 20 26 -40
315 26 20 -20
333 3 20 -10


CLUSTER 1
A D X Y 
0 0 0 0
186 13 -52 -6
189 9 -24 -4
193 1 -58 -14
193 8 -68 -16
198 25 -36 -12
202 12 -66 -28
203 8 -28 -12
215 19 -34 -24


CLUSTER 2
A D X Y 
0 0 0 0
219 12 -58 -48
219 24 -32 -26
222 5 -24 -22
222 9 -54 -50
223 12 -32 -30
225 19 -22 -22
226 12 -42 -44
253 4 -10 -34


CLUSTER 3
A D X Y 
0 0 0 0
259 7 -8 -42
293 25 24 -54
294 18 18 -40
296 12 24 -48
297 11 18 -34
303 20 26 -40


CLUSTER 4
A D X Y 
0 0 0 0
315 26 20 -20
333 3 20 -10


CLUSTER 5
A D X Y 
7 100 38 5


CLUSTER 6
A D X Y 
0 0 0 0
44 17 6 6
48 13 28 32
71 8 2 6
77 5 6 26
82 5 2 16
93 14 -2 32
100 13 -6 32
148 2 -36 22
149 13 -48 28


CLUSTER 7
A D X Y 
0 0 0 0
150 23 -14 8
152 19 -34 18
158 21 -50 20


Distance for  Cluster 1

9
0 52.345 24.3311 59.6657 69.857 37.9473 71.6938 30.4631 41.6173 
52.345 0 28.0713 10 18.868 17.088 26.0768 24.7386 25.4558 
24.3311 28.0713 0 35.4401 45.607 14.4222 48.3735 8.94427 22.3607 
59.6657 10 35.4401 0 10.198 22.0907 16.1245 30.0666 26 
69.857 18.868 45.607 10.198 0 32.249 12.1655 40.1995 34.9285 
37.9473 17.088 14.4222 22.0907 32.249 0 34 8 12.1655 
71.6938 26.0768 48.3735 16.1245 12.1655 34 0 41.2311 32.249 
30.4631 24.7386 8.94427 30.0666 40.1995 8 41.2311 0 13.4164 
41.6173 25.4558 22.3607 26 34.9285 12.1655 32.249 13.4164 0 


Distance for  Cluster 2

9
0 75.2861 41.2311 32.5576 73.5935 43.8634 31.1127 60.8276 35.4401 
75.2861 0 34.0588 42.8019 4.47214 31.6228 44.4072 16.4924 50 
41.2311 34.0588 0 8.94427 32.5576 4 10.7703 20.5913 23.4094 
32.5576 42.8019 8.94427 0 41.0366 11.3137 2 28.4253 18.4391 
73.5935 4.47214 32.5576 41.0366 0 29.7321 42.5206 13.4164 46.8188 
43.8634 31.6228 4 11.3137 29.7321 0 12.8062 17.2047 22.3607 
31.1127 44.4072 10.7703 2 42.5206 12.8062 0 29.7321 16.9706 
60.8276 16.4924 20.5913 28.4253 13.4164 17.2047 29.7321 0 33.5261 
35.4401 50 23.4094 18.4391 46.8188 22.3607 16.9706 33.5261 0 


Distance for  Cluster 3

7
0 42.7551 59.0931 43.8634 53.6656 38.4708 47.7074 
42.7551 0 34.176 26.0768 32.5576 27.2029 34.0588 
59.0931 34.176 0 15.2315 6 20.8806 14.1421 
43.8634 26.0768 15.2315 0 10 6 8 
53.6656 32.5576 6 10 0 15.2315 8.24621 
38.4708 27.2029 20.8806 6 15.2315 0 10 
47.7074 34.0588 14.1421 8 8.24621 10 0 


Distance for  Cluster 4

3
0 28.2843 22.3607 
28.2843 0 10 
22.3607 10 0 


Distance for  Cluster 5

1
0 


Distance for  Cluster 6

10
0 8.48528 42.5206 6.32456 26.6833 16.1245 32.0624 32.5576 42.19 55.5698 
8.48528 0 34.0588 4 20 10.7703 27.2029 28.6356 44.9444 58.3095 
42.5206 34.0588 0 36.7696 22.8035 30.5287 30 34 64.7765 76.1052 
6.32456 4 36.7696 0 20.3961 10 26.3059 27.2029 41.2311 54.626 
26.6833 20 22.8035 20.3961 0 10.7703 10 13.4164 42.19 54.037 
16.1245 10.7703 30.5287 10 10.7703 0 16.4924 17.8885 38.4708 51.4198 
32.0624 27.2029 30 26.3059 10 16.4924 0 4 35.4401 46.1736 
32.5576 28.6356 34 27.2029 13.4164 17.8885 4 0 31.6228 42.19 
42.19 44.9444 64.7765 41.2311 42.19 38.4708 35.4401 31.6228 0 13.4164 
55.5698 58.3095 76.1052 54.626 54.037 51.4198 46.1736 42.19 13.4164 0 


Distance for  Cluster 7

4
0 16.1245 38.4708 53.8516 
16.1245 0 22.3607 37.9473 
38.4708 22.3607 0 16.1245 
53.8516 37.9473 16.1245 0 


