After sorting
A D X Y 
0 0 0 0
0 18 40 0
4 1 48 4
8 100 39 6
12 11 44 10
29 11 54 30
29 22 46 26
33 3 54 36
43 7 44 42
44 11 32 32
53 12 40 54
56 7 16 24
58 23 46 74
71 6 18 54
72 24 24 74
75 6 14 56
77 9 4 18
80 72 2 12
82 23 10 72
85 9 6 74
88 16 2 60
104 16 -20 78
104 16 -2 8
106 7 -16 54
113 7 -34 78
121 10 -26 42
133 10 -32 34
139 22 -14 12
153 22 -8 4
154 16 -38 18
192 22 -26 -6
201 5 -30 -12
205 6 -38 -18
246 3 -6 -14
281 15 2 -10
325 18 20 -14
349 15 42 -8
353 4 54 -6
356 19 30 -2


CLUSTER 1
A D X Y 
0 0 0 0
53 12 40 54
56 7 16 24
58 23 46 74
71 6 18 54
72 24 24 74
75 6 14 56
77 9 4 18


CLUSTER 2
A D X Y 
0 0 0 0
80 72 2 12
82 23 10 72


CLUSTER 3
A D X Y 
0 0 0 0
85 9 6 74
88 16 2 60
104 16 -20 78
104 16 -2 8
106 7 -16 54
113 7 -34 78
121 10 -26 42
133 10 -32 34


CLUSTER 4
A D X Y 
0 0 0 0
139 22 -14 12
153 22 -8 4
154 16 -38 18
192 22 -26 -6
201 5 -30 -12
205 6 -38 -18
246 3 -6 -14


CLUSTER 5
A D X Y 
0 0 0 0
281 15 2 -10
325 18 20 -14
349 15 42 -8
353 4 54 -6
356 19 30 -2
0 18 40 0
4 1 48 4


CLUSTER 6
A D X Y 
0 0 0 0
8 100 39 6


CLUSTER 7
A D X Y 
0 0 0 0
12 11 44 10
29 11 54 30
29 22 46 26
33 3 54 36
43 7 44 42
44 11 32 32


Distance for  Cluster 1

8
0 67.2012 28.8444 87.1321 56.921 77.7946 57.7235 18.4391 
67.2012 0 38.4187 20.8806 22 25.6125 26.0768 50.9117 
28.8444 38.4187 0 58.3095 30.0666 50.636 32.0624 13.4164 
87.1321 20.8806 58.3095 0 34.4093 22 36.7151 70 
56.921 22 30.0666 34.4093 0 20.8806 4.47214 38.6264 
77.7946 25.6125 50.636 22 20.8806 0 20.5913 59.4643 
57.7235 26.0768 32.0624 36.7151 4.47214 20.5913 0 39.2938 
18.4391 50.9117 13.4164 70 38.6264 59.4643 39.2938 0 


Distance for  Cluster 2

3
0 12.1655 72.6911 
12.1655 0 60.531 
72.6911 60.531 0 


Distance for  Cluster 3

9
0 74.2428 60.0333 80.5233 8.24621 56.3205 85.0882 49.3964 46.6905 
74.2428 0 14.5602 26.3059 66.4831 29.7321 40.1995 45.2548 55.1725 
60.0333 14.5602 0 28.4253 52.1536 18.9737 40.2492 33.2866 42.8019 
80.5233 26.3059 28.4253 0 72.2772 24.3311 14 36.4966 45.607 
8.24621 66.4831 52.1536 72.2772 0 48.0833 76.9675 41.6173 39.6989 
56.3205 29.7321 18.9737 24.3311 48.0833 0 30 15.6205 25.6125 
85.0882 40.1995 40.2492 14 76.9675 30 0 36.8782 44.0454 
49.3964 45.2548 33.2866 36.4966 41.6173 15.6205 36.8782 0 10 
46.6905 55.1725 42.8019 45.607 39.6989 25.6125 44.0454 10 0 


Distance for  Cluster 4

8
0 18.4391 8.94427 42.0476 26.6833 32.311 42.0476 15.2315 
18.4391 0 10 24.7386 21.6333 28.8444 38.4187 27.2029 
8.94427 10 0 33.1059 20.5913 27.2029 37.2022 18.1108 
42.0476 24.7386 33.1059 0 26.8328 31.0483 36 45.2548 
26.6833 21.6333 20.5913 26.8328 0 7.2111 16.9706 21.5407 
32.311 28.8444 27.2029 31.0483 7.2111 0 10 24.0832 
42.0476 38.4187 37.2022 36 16.9706 10 0 32.249 
15.2315 27.2029 18.1108 45.2548 21.5407 24.0832 32.249 0 


Distance for  Cluster 5

8
0 10.198 24.4131 42.7551 54.3323 30.0666 40 48.1664 
10.198 0 18.4391 40.05 52.1536 29.1204 39.2938 48.0833 
24.4131 18.4391 0 22.8035 34.9285 15.6205 24.4131 33.2866 
42.7551 40.05 22.8035 0 12.1655 13.4164 8.24621 13.4164 
54.3323 52.1536 34.9285 12.1655 0 24.3311 15.2315 11.6619 
30.0666 29.1204 15.6205 13.4164 24.3311 0 10.198 18.9737 
40 39.2938 24.4131 8.24621 15.2315 10.198 0 8.94427 
48.1664 48.0833 33.2866 13.4164 11.6619 18.9737 8.94427 0 


Distance for  Cluster 6

2
0 39.4588 
39.4588 0 


Distance for  Cluster 7

7
0 45.1221 61.7738 52.8394 64.8999 60.8276 45.2548 
45.1221 0 22.3607 16.1245 27.8568 32 25.0599 
61.7738 22.3607 0 8.94427 6 15.6205 22.0907 
52.8394 16.1245 8.94427 0 12.8062 16.1245 15.2315 
64.8999 27.8568 6 12.8062 0 11.6619 22.3607 
60.8276 32 15.6205 16.1245 11.6619 0 15.6205 
45.2548 25.0599 22.0907 15.2315 22.3607 15.6205 0 


