After sorting
A D X Y 
0 0 0 0
179 18 -22 0
215 12 -48 -34
216 1 -16 -12
221 6 -32 -28
227 23 -22 -24
228 16 -46 -52
233 21 -54 -74
235 14 -44 -64
237 16 -14 -22
241 17 -12 -22
242 6 -44 -86
247 22 -22 -54
247 24 -26 -64
248 3 -12 -30
248 20 -32 -80
252 22 -28 -90
254 25 -20 -72
256 12 -20 -86
257 9 -4 -18
257 19 -4 -18
259 8 -12 -62
260 19 -16 -94
260 20 -16 -94
265 12 -6 -76
271 20 2 -90
271 26 2 -74
276 13 4 -38
280 20 12 -64
283 15 22 -92
284 14 6 -24
289 21 24 -68
290 14 34 -92
291 1 14 -36
291 11 28 -72
292 8 28 -66
295 17 32 -66
296 24 28 -56
297 2 20 -38
302 7 14 -22
315 8 28 -28
315 20 18 -18
316 13 32 -30
322 5 26 -20
342 10 32 -10


CLUSTER 1
A D X Y 
0 0 0 0
315 8 28 -28
315 20 18 -18
316 13 32 -30
322 5 26 -20
342 10 32 -10
179 18 -22 0
215 12 -48 -34
216 1 -16 -12
221 6 -32 -28


CLUSTER 2
A D X Y 
0 0 0 0
227 23 -22 -24
228 16 -46 -52
233 21 -54 -74
235 14 -44 -64
237 16 -14 -22


CLUSTER 3
A D X Y 
0 0 0 0
241 17 -12 -22
242 6 -44 -86
247 22 -22 -54
247 24 -26 -64
248 3 -12 -30
248 20 -32 -80


CLUSTER 4
A D X Y 
0 0 0 0
252 22 -28 -90
254 25 -20 -72
256 12 -20 -86
257 9 -4 -18
257 19 -4 -18
259 8 -12 -62


CLUSTER 5
A D X Y 
0 0 0 0
260 19 -16 -94
260 20 -16 -94
265 12 -6 -76
271 20 2 -90
271 26 2 -74


CLUSTER 6
A D X Y 
0 0 0 0
276 13 4 -38
280 20 12 -64
283 15 22 -92
284 14 6 -24
289 21 24 -68
290 14 34 -92
291 1 14 -36


CLUSTER 7
A D X Y 
0 0 0 0
291 11 28 -72
292 8 28 -66
295 17 32 -66
296 24 28 -56
297 2 20 -38
302 7 14 -22


Distance for  Cluster 1

10
0 39.598 25.4558 43.8634 32.8024 33.5261 22 58.8218 20 42.5206 
39.598 0 14.1421 4.47214 8.24621 18.4391 57.3062 76.2365 46.8188 60 
25.4558 14.1421 0 18.4391 8.24621 16.1245 43.8634 67.9117 34.5254 50.9902 
43.8634 4.47214 18.4391 0 11.6619 20 61.7738 80.0999 51.264 64.0312 
32.8024 8.24621 8.24621 11.6619 0 11.6619 52 75.3127 42.7551 58.5491 
33.5261 18.4391 16.1245 20 11.6619 0 54.9181 83.5225 48.0416 66.4831 
22 57.3062 43.8634 61.7738 52 54.9181 0 42.8019 13.4164 29.7321 
58.8218 76.2365 67.9117 80.0999 75.3127 83.5225 42.8019 0 38.833 17.088 
20 46.8188 34.5254 51.264 42.7551 48.0416 13.4164 38.833 0 22.6274 
42.5206 60 50.9902 64.0312 58.5491 66.4831 29.7321 17.088 22.6274 0 


Distance for  Cluster 2

6
0 32.5576 69.4262 91.6079 77.666 26.0768 
32.5576 0 36.8782 59.3633 45.6508 8.24621 
69.4262 36.8782 0 23.4094 12.1655 43.8634 
91.6079 59.3633 23.4094 0 14.1421 65.6049 
77.666 45.6508 12.1655 14.1421 0 51.614 
26.0768 8.24621 43.8634 65.6049 51.614 0 


Distance for  Cluster 3

7
0 25.0599 96.6023 58.3095 69.0797 32.311 86.1626 
25.0599 0 71.5542 33.5261 44.2719 8 61.3514 
96.6023 71.5542 0 38.833 28.4253 64.4981 13.4164 
58.3095 33.5261 38.833 0 10.7703 26 27.8568 
69.0797 44.2719 28.4253 10.7703 0 36.7696 17.088 
32.311 8 64.4981 26 36.7696 0 53.8516 
86.1626 61.3514 13.4164 27.8568 17.088 53.8516 0 


Distance for  Cluster 4

7
0 94.255 74.7262 88.295 18.4391 18.4391 63.1506 
94.255 0 19.6977 8.94427 75.8947 75.8947 32.249 
74.7262 19.6977 0 14 56.3205 56.3205 12.8062 
88.295 8.94427 14 0 69.857 69.857 25.2982 
18.4391 75.8947 56.3205 69.857 0 1 44.7214 
18.4391 75.8947 56.3205 69.857 1 0 44.7214 
63.1506 32.249 12.8062 25.2982 44.7214 44.7214 0 


Distance for  Cluster 5

6
0 95.352 95.352 76.2365 90.0222 74.027 
95.352 0 0 20.5913 18.4391 26.9072 
95.352 0 0 20.5913 18.4391 26.9072 
76.2365 20.5913 20.5913 0 16.1245 8.24621 
90.0222 18.4391 18.4391 16.1245 0 16 
74.027 26.9072 26.9072 8.24621 16 0 


Distance for  Cluster 6

8
0 38.2099 65.1153 94.5939 24.7386 72.111 98.0816 38.6264 
38.2099 0 27.2029 56.921 14.1421 36.0555 61.7738 10.198 
65.1153 27.2029 0 29.7321 40.4475 12.6491 35.609 28.0713 
94.5939 56.921 29.7321 0 69.857 24.0832 12 56.5685 
24.7386 14.1421 40.4475 69.857 0 47.5395 73.5391 14.4222 
72.111 36.0555 12.6491 24.0832 47.5395 0 26 33.5261 
98.0816 61.7738 35.609 12 73.5391 26 0 59.4643 
38.6264 10.198 28.0713 56.5685 14.4222 33.5261 59.4643 0 


Distance for  Cluster 7

7
0 77.2528 71.6938 73.3485 62.6099 42.9418 26.0768 
77.2528 0 6 7.2111 16 34.9285 51.923 
71.6938 6 0 4 10 29.1204 46.1736 
73.3485 7.2111 4 0 10.7703 30.4631 47.5395 
62.6099 16 10 10.7703 0 19.6977 36.7696 
42.9418 34.9285 29.1204 30.4631 19.6977 0 17.088 
26.0768 51.923 46.1736 47.5395 36.7696 17.088 0 


