After sorting
A D X Y 
0 0 0 0
11 17 35 7
12 17 65 15
18 8 64 21
30 7 43 25
37 10 29 22
47 2 21 23
87 17 1 21
138 16 -30 27
156 14 -18 8
161 22 -24 8
196 19 -20 -6
209 12 -25 -14
214 17 -25 -17
224 21 -30 -29
232 22 -29 -38
242 11 -25 -48
246 11 -28 -64
247 2 -25 -60
248 13 -16 -40
250 5 -20 -57
250 23 -22 -62
260 6 -4 -24
264 24 -3 -30
271 21 1 -50
272 18 2 -42
275 15 5 -56
300 6 40 -68
304 22 25 -36
306 8 17 -23
306 21 15 -20
307 24 33 -43
309 8 22 -27
309 10 56 -68
315 11 67 -65
316 14 60 -56
318 5 65 -57
318 12 50 -44
320 8 54 -44
344 2 18 -5
344 20 44 -12
344 23 65 -18
350 20 66 -11
353 6 9 -1
355 3 59 -5


CLUSTER 1
A D X Y 
0 0 0 0
11 17 35 7
12 17 65 15
18 8 64 21
30 7 43 25
37 10 29 22
47 2 21 23
87 17 1 21
138 16 -30 27


CLUSTER 2
A D X Y 
0 0 0 0
156 14 -18 8
161 22 -24 8
196 19 -20 -6
209 12 -25 -14
214 17 -25 -17


CLUSTER 3
A D X Y 
0 0 0 0
224 21 -30 -29
232 22 -29 -38
242 11 -25 -48
246 11 -28 -64
247 2 -25 -60
248 13 -16 -40
250 5 -20 -57


CLUSTER 4
A D X Y 
0 0 0 0
250 23 -22 -62
260 6 -4 -24
264 24 -3 -30
271 21 1 -50
272 18 2 -42


CLUSTER 5
A D X Y 
0 0 0 0
275 15 5 -56
300 6 40 -68
304 22 25 -36
306 8 17 -23
306 21 15 -20
307 24 33 -43


CLUSTER 6
A D X Y 
0 0 0 0
309 8 22 -27
309 10 56 -68
315 11 67 -65
316 14 60 -56
318 5 65 -57
318 12 50 -44
320 8 54 -44
344 2 18 -5
344 20 44 -12


CLUSTER 7
A D X Y 
0 0 0 0
344 23 65 -18
350 20 66 -11
353 6 9 -1
355 3 59 -5


Distance for  Cluster 1

9
0 35.6931 66.7083 67.3573 49.7393 36.4006 31.1448 21.0238 40.3609 
35.6931 0 31.0483 32.2025 19.6977 16.1555 21.2603 36.7696 68.0074 
66.7083 31.0483 0 6.08276 24.1661 36.6742 44.7214 64.2806 95.7549 
67.3573 32.2025 6.08276 0 21.3776 35.0143 43.0465 63 94.1913 
49.7393 19.6977 24.1661 21.3776 0 14.3178 22.0907 42.19 73.0274 
36.4006 16.1555 36.6742 35.0143 14.3178 0 8.06226 28.0179 59.2115 
31.1448 21.2603 44.7214 43.0465 22.0907 8.06226 0 20.0998 51.1566 
21.0238 36.7696 64.2806 63 42.19 28.0179 20.0998 0 31.5753 
40.3609 68.0074 95.7549 94.1913 73.0274 59.2115 51.1566 31.5753 0 


Distance for  Cluster 2

6
0 19.6977 25.2982 20.8806 28.6531 30.2324 
19.6977 0 6 14.1421 23.0868 25.9615 
25.2982 6 0 14.5602 22.0227 25.02 
20.8806 14.1421 14.5602 0 9.43398 12.083 
28.6531 23.0868 22.0227 9.43398 0 3 
30.2324 25.9615 25.02 12.083 3 0 


Distance for  Cluster 3

8
0 41.7253 47.8017 54.1202 69.857 65 43.0813 60.407 
41.7253 0 9.05539 19.6469 35.0571 31.4006 17.8045 29.7321 
47.8017 9.05539 0 10.7703 26.0192 22.3607 13.1529 21.0238 
54.1202 19.6469 10.7703 0 16.2788 12 12.0416 10.2956 
69.857 35.0571 26.0192 16.2788 0 5 26.8328 10.6301 
65 31.4006 22.3607 12 5 0 21.9317 5.83095 
43.0813 17.8045 13.1529 12.0416 26.8328 21.9317 0 17.4642 
60.407 29.7321 21.0238 10.2956 10.6301 5.83095 17.4642 0 


Distance for  Cluster 4

6
0 65.7875 24.3311 30.1496 50.01 42.0476 
65.7875 0 42.0476 37.2156 25.9422 31.241 
24.3311 42.0476 0 6.08276 26.4764 18.9737 
30.1496 37.2156 6.08276 0 20.3961 13 
50.01 25.9422 26.4764 20.3961 0 8.06226 
42.0476 31.241 18.9737 13 8.06226 0 


Distance for  Cluster 5

7
0 56.2228 78.8923 43.8292 28.6007 25 54.2033 
56.2228 0 37 28.2843 35.1141 37.3631 30.8707 
78.8923 37 0 35.3412 50.5371 54.1202 25.9615 
43.8292 28.2843 35.3412 0 15.2643 18.868 10.6301 
28.6007 35.1141 50.5371 15.2643 0 3.60555 25.6125 
25 37.3631 54.1202 18.868 3.60555 0 29.2062 
54.2033 30.8707 25.9615 10.6301 25.6125 29.2062 0 


Distance for  Cluster 6

10
0 34.8281 88.0909 93.3488 82.0731 86.4523 66.6033 69.6563 18.6815 45.607 
34.8281 0 53.2635 58.8982 47.8017 52.4309 32.7567 36.2353 22.3607 26.6271 
88.0909 53.2635 0 11.4018 12.6491 14.2127 24.7386 24.0832 73.5731 57.2713 
93.3488 58.8982 11.4018 0 11.4018 8.24621 27.0185 24.6982 77.4661 57.7754 
82.0731 47.8017 12.6491 11.4018 0 5.09902 15.6205 13.4164 66.0681 46.8188 
86.4523 52.4309 14.2127 8.24621 5.09902 0 19.8494 17.0294 70.0928 49.6588 
66.6033 32.7567 24.7386 27.0185 15.6205 19.8494 0 4 50.448 32.5576 
69.6563 36.2353 24.0832 24.6982 13.4164 17.0294 4 0 53.0754 33.5261 
18.6815 22.3607 73.5731 77.4661 66.0681 70.0928 50.448 53.0754 0 26.9258 
45.607 26.6271 57.2713 57.7754 46.8188 49.6588 32.5576 33.5261 26.9258 0 


Distance for  Cluster 7

5
0 67.4463 66.9104 9.05539 59.2115 
67.4463 0 7.07107 58.5235 14.3178 
66.9104 7.07107 0 57.8705 9.21954 
9.05539 58.5235 57.8705 0 50.1597 
59.2115 14.3178 9.21954 50.1597 0 


