After sorting
A D X Y 
0 0 0 0
4 18 26 2
7 15 30 4
10 12 32 6
11 2 10 2
17 16 26 8
32 23 32 20
53 11 6 8
53 12 18 24
53 16 24 32
62 10 18 34
68 13 4 10
69 9 16 42
71 8 12 36
86 12 2 36
94 6 -4 48
100 10 -12 62
103 2 -12 50
109 27 -10 28
113 11 -24 54
114 18 -26 58
124 9 -22 32
128 14 -30 38
131 3 -32 36
133 14 -34 36
134 5 -26 26
138 23 -38 34
138 24 -38 34
141 22 -56 44
141 22 -48 38
146 3 -60 40
146 17 -46 30
155 20 -40 18
159 18 -16 6
160 19 -28 10
163 7 -40 12
165 9 -48 12
168 19 -60 12
169 72 -42 8
171 12 -38 6
173 12 -56 6
176 16 -36 2
179 22 -14 0
179 24 -14 0
185 19 -42 -4
194 20 -8 -2
204 4 -26 -12
208 11 -30 -16
226 15 -30 -32
231 18 -8 -10
243 19 -14 -28
250 18 -12 -34
255 6 -8 -32
274 19 2 -28
284 8 6 -24
285 7 4 -14
303 14 8 -12
333 4 20 -10
333 12 28 -14
338 16 36 -14
356 18 36 -2


CLUSTER 1
A D X Y 
0 0 0 0
94 6 -4 48
100 10 -12 62
103 2 -12 50
109 27 -10 28
113 11 -24 54
114 18 -26 58
124 9 -22 32
128 14 -30 38
131 3 -32 36


CLUSTER 2
A D X Y 
0 0 0 0
133 14 -34 36
134 5 -26 26
138 23 -38 34
138 24 -38 34
141 22 -56 44


CLUSTER 3
A D X Y 
0 0 0 0
141 22 -48 38
146 3 -60 40
146 17 -46 30
155 20 -40 18
159 18 -16 6
160 19 -28 10


CLUSTER 4
A D X Y 
0 0 0 0
163 7 -40 12
165 9 -48 12
168 19 -60 12


CLUSTER 5
A D X Y 
0 0 0 0
169 72 -42 8
171 12 -38 6
173 12 -56 6


CLUSTER 6
A D X Y 
0 0 0 0
176 16 -36 2
179 22 -14 0
179 24 -14 0
185 19 -42 -4


CLUSTER 7
A D X Y 
0 0 0 0
194 20 -8 -2
204 4 -26 -12
208 11 -30 -16
226 15 -30 -32
231 18 -8 -10
243 19 -14 -28


CLUSTER 8
A D X Y 
0 0 0 0
250 18 -12 -34
255 6 -8 -32
274 19 2 -28
284 8 6 -24
285 7 4 -14
303 14 8 -12
333 4 20 -10
333 12 28 -14


CLUSTER 9
A D X Y 
0 0 0 0
338 16 36 -14
356 18 36 -2
4 18 26 2
7 15 30 4
10 12 32 6
11 2 10 2
17 16 26 8


CLUSTER 10
A D X Y 
0 0 0 0
32 23 32 20
53 11 6 8
53 12 18 24
53 16 24 32
62 10 18 34
68 13 4 10
69 9 16 42


CLUSTER 11
A D X Y 
0 0 0 0
71 8 12 36
86 12 2 36


Distance for  Cluster 1

10
0 48.1664 63.1506 51.4198 29.7321 59.0931 63.561 38.833 48.4149 48.1664 
48.1664 0 16.1245 8.24621 20.8806 20.8806 24.1661 24.0832 27.8568 30.4631 
63.1506 16.1245 0 12 34.0588 14.4222 14.5602 31.6228 30 32.8024 
51.4198 8.24621 12 0 22.0907 12.6491 16.1245 20.5913 21.6333 24.4131 
29.7321 20.8806 34.0588 22.0907 0 29.5296 34 12.6491 22.3607 23.4094 
59.0931 20.8806 14.4222 12.6491 29.5296 0 4.47214 22.0907 17.088 19.6977 
63.561 24.1661 14.5602 16.1245 34 4.47214 0 26.3059 20.3961 22.8035 
38.833 24.0832 31.6228 20.5913 12.6491 22.0907 26.3059 0 10 10.7703 
48.4149 27.8568 30 21.6333 22.3607 17.088 20.3961 10 0 2.82843 
48.1664 30.4631 32.8024 24.4131 23.4094 19.6977 22.8035 10.7703 2.82843 0 


Distance for  Cluster 2

6
0 49.5177 36.7696 50.9902 50.9902 71.218 
49.5177 0 12.8062 4.47214 4.47214 23.4094 
36.7696 12.8062 0 14.4222 14.4222 34.9857 
50.9902 4.47214 14.4222 0 0 20.5913 
50.9902 4.47214 14.4222 0 0 20.5913 
71.218 23.4094 34.9857 20.5913 20.5913 0 


Distance for  Cluster 3

7
0 61.2209 72.111 54.9181 43.8634 17.088 29.7321 
61.2209 0 12.1655 8.24621 21.5407 45.2548 34.4093 
72.111 12.1655 0 17.2047 29.7321 55.6058 43.8634 
54.9181 8.24621 17.2047 0 13.4164 38.4187 26.9072 
43.8634 21.5407 29.7321 13.4164 0 26.8328 14.4222 
17.088 45.2548 55.6058 38.4187 26.8328 0 12.6491 
29.7321 34.4093 43.8634 26.9072 14.4222 12.6491 0 


Distance for  Cluster 4

4
0 41.7612 49.4773 61.1882 
41.7612 0 8 20 
49.4773 8 0 12 
61.1882 20 12 0 


Distance for  Cluster 5

4
0 42.7551 38.4708 56.3205 
42.7551 0 4.47214 14.1421 
38.4708 4.47214 0 18 
56.3205 14.1421 18 0 


Distance for  Cluster 6

5
0 36.0555 14 14 42.19 
36.0555 0 22.0907 22.0907 8.48528 
14 22.0907 0 0 28.2843 
14 22.0907 0 0 28.2843 
42.19 8.48528 28.2843 28.2843 0 


Distance for  Cluster 7

7
0 8.24621 28.6356 34 43.8634 12.8062 31.305 
8.24621 0 20.5913 26.0768 37.2022 8 26.6833 
28.6356 20.5913 0 5.65685 20.3961 18.1108 20 
34 26.0768 5.65685 0 16 22.8035 20 
43.8634 37.2022 20.3961 16 0 31.1127 16.4924 
12.8062 8 18.1108 22.8035 31.1127 0 18.9737 
31.305 26.6833 20 20 16.4924 18.9737 0 


Distance for  Cluster 8

9
0 36.0555 32.9848 28.0713 24.7386 14.5602 14.4222 22.3607 31.305 
36.0555 0 4.47214 15.2315 20.5913 25.6125 29.7321 40 44.7214 
32.9848 4.47214 0 10.7703 16.1245 21.6333 25.6125 35.609 40.2492 
28.0713 15.2315 10.7703 0 5.65685 14.1421 17.088 25.4558 29.5296 
24.7386 20.5913 16.1245 5.65685 0 10.198 12.1655 19.799 24.1661 
14.5602 25.6125 21.6333 14.1421 10.198 0 4.47214 16.4924 24 
14.4222 29.7321 25.6125 17.088 12.1655 4.47214 0 12.1655 20.0998 
22.3607 40 35.609 25.4558 19.799 16.4924 12.1655 0 8.94427 
31.305 44.7214 40.2492 29.5296 24.1661 24 20.0998 8.94427 0 


Distance for  Cluster 9

8
0 38.6264 36.0555 26.0768 30.2655 32.5576 10.198 27.2029 
38.6264 0 12 18.868 18.9737 20.3961 30.5287 24.1661 
36.0555 12 0 10.7703 8.48528 8.94427 26.3059 14.1421 
26.0768 18.868 10.7703 0 4.47214 7.2111 16 6 
30.2655 18.9737 8.48528 4.47214 0 2.82843 20.0998 5.65685 
32.5576 20.3961 8.94427 7.2111 2.82843 0 22.3607 6.32456 
10.198 30.5287 26.3059 16 20.0998 22.3607 0 17.088 
27.2029 24.1661 14.1421 6 5.65685 6.32456 17.088 0 


Distance for  Cluster 10

8
0 37.7359 10 30 40 38.4708 10.7703 44.9444 
37.7359 0 28.6356 14.5602 14.4222 19.799 29.7321 27.2029 
10 28.6356 0 20 30 28.6356 2.82843 35.4401 
30 14.5602 20 0 10 10 19.799 18.1108 
40 14.4222 30 10 0 6.32456 29.7321 12.8062 
38.4708 19.799 28.6356 10 6.32456 0 27.7849 8.24621 
10.7703 29.7321 2.82843 19.799 29.7321 27.7849 0 34.176 
44.9444 27.2029 35.4401 18.1108 12.8062 8.24621 34.176 0 


Distance for  Cluster 11

3
0 37.9473 36.0555 
37.9473 0 10 
36.0555 10 0 


